/*--------------------------------*- C++ -*----------------------------------*\
  =========                 |
  \\      /  F ield         | OpenFOAM: The Open Source CFD Toolbox
   \\    /   O peration     | Website:  https://openfoam.org
    \\  /    A nd           | Version:  7
     \\/     M anipulation  |
\*---------------------------------------------------------------------------*/
FoamFile
{
    version     2.0;
    format      ascii;
    class       regIOobject;
    location    "constant/polyMesh";
    object      faceZones;
}
// * * * * * * * * * * * * * * * * * * * * * * * * * * * * * * * * * * * * * //

1
(
faceMRFzone
{
    type faceZone;
faceLabels      List<label> 
6438
(
255242
255248
255252
255254
255260
255266
255270
255475
255481
255485
255487
255493
255499
255504
255708
255714
255718
255720
255726
255732
255737
255941
255947
255951
255953
255959
255965
255970
256174
256180
256184
256186
256192
256198
256203
256407
256413
256417
256419
256425
256431
256436
256640
256646
256650
256652
256658
256664
256669
272029
272036
272042
272048
272054
272060
272065
272071
272270
272272
272273
272274
272280
272286
272292
272298
272304
272310
272315
272316
272323
272326
272518
272520
272521
272563
272571
272574
272766
272768
272769
272811
272819
272822
273014
273016
273017
273059
273067
273070
273262
273264
273265
273307
273315
273318
273510
273512
273513
273555
273563
273566
273758
273760
273761
273765
273771
273777
273783
273789
273795
273801
273803
273807
273811
273814
289699
289706
289712
289718
289724
289730
289736
289742
289748
289754
289760
289765
289954
289956
289957
289958
289964
289970
289976
289985
289991
289998
290006
290012
290018
290024
290029
290030
290032
290038
290221
290223
290224
290293
290295
290303
290485
290487
290488
290557
290559
290567
290749
290751
290752
290821
290823
290831
291013
291015
291016
291085
291087
291095
291277
291279
291280
291358
291361
291368
291550
291552
291553
291557
291563
291569
291575
291581
291587
291593
291599
291605
291611
291617
291619
291622
291623
291629
307959
307965
307971
307977
307983
307989
307995
308001
308007
308013
308019
308025
308031
308036
308223
308225
308227
308233
308239
308245
308251
308260
308266
308273
308281
308287
308293
308299
308305
308311
308316
308319
308500
308502
308584
308587
308767
308769
308851
308854
309034
309036
309118
309121
309301
309303
309385
309388
309568
309570
309658
309661
309841
309843
309848
309854
309860
309866
309872
309878
309884
309890
309896
309902
309908
309914
309920
309926
309929
309932
326586
326593
326599
326605
326611
326617
326623
326629
326635
326641
326647
326653
326659
326665
326671
326676
326821
326827
326833
326839
326845
326851
326857
326866
326872
326879
326887
326893
326899
326905
326911
326917
326923
326925
327071
327163
327310
327402
327549
327641
327788
327880
328027
328126
328272
328280
328286
328292
328298
328304
328310
328316
328322
328328
328334
328340
328346
328352
328358
328364
328369
328370
342958
342966
342972
342978
342984
342990
342996
343002
343008
343014
343020
343026
343032
343038
343044
343050
343056
343062
343214
343215
343216
343224
343231
343234
343239
343245
343251
343260
343266
343273
343281
343287
343293
343299
343308
343315
343318
343322
343324
343327
343478
343480
343585
343588
343741
343743
343848
343851
344004
344006
344111
344114
344267
344269
344374
344377
344530
344532
344640
344643
344796
344798
344800
344806
344812
344818
344824
344830
344836
344842
344848
344854
344860
344866
344872
344878
344884
344890
344896
344898
344901
344902
360432
360438
360444
360450
360456
360462
360468
360474
360480
360486
360492
360498
360504
360510
360516
360522
360528
360533
360715
360719
360728
360734
360743
360750
360755
360761
360770
360776
360783
360791
360797
360803
360812
360818
360827
360834
360839
360844
361026
361138
361319
361440
361621
361739
361920
362032
362213
362341
362522
362529
362535
362541
362547
362553
362559
362565
362571
362577
362583
362589
362595
362601
362607
362613
362619
362625
362631
362634
380810
380817
380823
380829
380835
380841
380847
380853
380859
380865
380871
380877
380883
380889
380895
380901
380907
380913
380919
381106
381107
381108
381113
381121
381131
381140
381149
381159
381162
381170
381176
381183
381191
381200
381206
381215
381224
381233
381240
381245
381251
381254
381429
381431
381525
381528
381703
381705
381787
381790
381965
381967
382032
382035
382210
382212
382318
382321
382496
382498
382631
382634
382809
382811
382813
382819
382825
382831
382837
382843
382849
382855
382861
382867
382873
382879
382885
382891
382897
382903
382909
382915
382921
382925
382928
401550
401557
401563
401569
401575
401581
401587
401593
401599
401605
401611
401617
401623
401629
401635
401641
401647
401653
401659
401664
401820
401821
401826
401832
401838
401846
401856
401865
401874
401881
401886
401892
401901
401907
401916
401925
401932
401937
401943
401949
401955
401957
402115
402220
402379
402475
402634
402697
402856
402973
403132
403267
403425
403427
403433
403439
403445
403451
403457
403463
403469
403474
403499
403505
403511
403517
403523
403529
403535
403541
403546
403547
421475
421482
421488
421494
421500
421506
421512
421518
421524
421530
421536
421542
421548
421554
421560
421566
421572
421578
421584
421590
421741
421742
421747
421753
421759
421765
421771
421779
421787
421795
421801
421807
421813
421821
421829
421834
421840
421846
421852
421858
421864
421866
422019
422140
422294
422412
422566
422642
422796
422899
423053
423167
423320
423322
423328
423334
423340
423346
423352
423358
423363
423388
423394
423400
423406
423412
423418
423424
423429
423430
440088
440095
440101
440107
440113
440119
440125
440131
440137
440143
440149
440155
440161
440167
440173
440179
440185
440191
440197
440203
440349
440355
440361
440367
440373
440379
440385
440391
440397
440403
440409
440415
440421
440427
440433
440439
440445
440451
440457
440463
440469
440471
440619
440745
440894
441020
441169
441244
441393
441515
441664
441769
441917
441925
441931
441937
441943
441949
441955
441961
441978
441987
441993
441999
442005
442011
442017
442022
442023
458403
458410
458416
458422
458428
458434
458440
458446
458452
458458
458464
458470
458476
458482
458488
458494
458500
458506
458512
458518
458671
458672
458677
458683
458689
458695
458704
458710
458719
458726
458731
458737
458746
458752
458762
458765
458770
458776
458782
458788
458794
458796
458951
459079
459235
459360
459516
459588
459744
459853
460009
460123
460278
460280
460286
460292
460298
460304
460310
460316
460321
460345
460351
460357
460363
460369
460375
460381
460386
460387
477164
477171
477177
477183
477189
477195
477201
477207
477213
477219
477225
477231
477237
477243
477249
477255
477261
477267
477273
477279
477440
477441
477446
477452
477461
477468
477473
477482
477491
477498
477503
477509
477518
477524
477533
477542
477552
477555
477560
477566
477573
477576
477737
477843
478006
478103
478266
478339
478502
478611
478774
478909
479072
479074
479080
479086
479092
479098
479104
479110
479116
479121
479146
479152
479158
479164
479170
479176
479182
479188
479193
479194
497819
497826
497832
497838
497844
497850
497856
497862
497868
497874
497880
497886
497892
497898
497904
497910
497916
497922
497928
498106
498107
498110
498112
498121
498127
498136
498145
498152
498157
498166
498172
498179
498187
498193
498201
498211
498220
498229
498236
498241
498246
498247
498423
498426
498521
498523
498698
498701
498784
498786
498961
498964
499022
499024
499199
499202
499309
499311
499486
499489
499614
499616
499791
499793
499794
499799
499805
499811
499817
499823
499829
499835
499841
499847
499856
499862
499868
499874
499880
499886
499892
499898
499904
499906
499908
518472
518479
518485
518491
518497
518503
518509
518515
518521
518527
518533
518539
518545
518551
518557
518563
518569
518575
518751
518757
518766
518772
518781
518788
518793
518799
518808
518814
518821
518829
518835
518841
518850
518856
518865
518872
518877
518883
519057
519161
519334
519450
519623
519729
519902
520006
520179
520314
520487
520495
520501
520507
520513
520519
520525
520531
520537
520543
520549
520555
520561
520567
520573
520579
520585
520591
520597
520601
538566
538573
538579
538585
538591
538597
538603
538609
538615
538621
538627
538633
538639
538645
538651
538657
538663
538669
538833
538834
538837
538839
538845
538851
538857
538863
538869
538878
538884
538891
538899
538905
538911
538917
538923
538929
538935
538942
538944
538945
539109
539112
539217
539219
539383
539386
539491
539493
539657
539660
539765
539767
539931
539934
540039
540041
540205
540208
540316
540318
540482
540484
540485
540490
540496
540502
540508
540514
540520
540526
540532
540538
540544
540550
540556
540562
540568
540574
540580
540585
540586
540587
556464
556471
556477
556483
556489
556495
556501
556507
556513
556519
556525
556531
556537
556543
556549
556555
556693
556699
556705
556711
556717
556723
556729
556738
556744
556751
556759
556765
556771
556777
556783
556789
556795
556797
556938
557030
557172
557264
557406
557498
557640
557732
557874
557973
558114
558122
558128
558134
558140
558146
558152
558158
558164
558170
558176
558182
558188
558194
558200
558206
558211
558212
572433
572440
572446
572452
572458
572464
572470
572476
572482
572488
572494
572500
572506
572512
572693
572694
572700
572706
572712
572718
572724
572733
572739
572746
572754
572760
572766
572772
572778
572784
572789
572790
572968
572970
573054
573056
573233
573235
573319
573321
573498
573500
573584
573586
573763
573765
573849
573851
574028
574030
574120
574122
574299
574301
574309
574315
574321
574327
574333
574339
574345
574351
574357
574363
574369
574375
574381
574387
574389
574391
590763
590770
590776
590782
590788
590794
590800
590806
590812
590818
590824
590830
591023
591024
591030
591034
591036
591042
591048
591057
591063
591070
591078
591084
591090
591096
591103
591105
591106
591107
591298
591300
591308
591375
591377
591378
591569
591571
591579
591646
591648
591649
591840
591842
591850
591917
591919
591920
592111
592113
592121
592188
592190
592191
592382
592384
592393
592469
592471
592472
592663
592665
592673
592674
592679
592685
592691
592697
592703
592709
592715
592721
592727
592733
592738
592739
592740
592741
609433
609440
609446
609452
609458
609464
609470
609476
609670
609672
609677
609681
609683
609689
609695
609701
609707
609713
609722
609723
609724
609725
609917
609920
609927
609970
609971
609973
610164
610167
610174
610217
610218
610220
610411
610414
610421
610464
610465
610467
610658
610661
610668
610711
610712
610714
610905
610908
610916
610958
610959
610961
611152
611155
611162
611163
611168
611174
611180
611186
611192
611198
611204
611205
611206
611208
627005
627011
627017
627019
627023
627029
627035
627236
627242
627248
627251
627254
627260
627266
627467
627473
627479
627482
627485
627491
627497
627698
627704
627710
627713
627716
627722
627728
627929
627935
627941
627944
627947
627953
627959
628160
628166
628172
628175
628178
628184
628190
628391
628397
628403
628406
628409
628415
628421
946288
946307
946311
946329
946344
946350
947874
947891
947895
947912
947925
947931
951367
951384
951388
951405
951418
951424
952354
952367
952371
952390
952401
952408
952427
952444
952448
952465
952478
952484
952502
952515
952519
952544
952553
952556
958757
958779
958787
958803
958816
958823
958840
958856
958862
958878
958895
958899
958916
958929
958935
958952
958973
958981
958997
959010
959017
959033
959050
959056
963026
963041
963045
963061
963075
963077
963101
963114
963121
963137
963152
963159
963176
963196
963202
963218
963235
963238
963256
963269
963274
963293
963314
963322
963339
963354
963361
963376
963389
963396
963411
963424
963431
963451
963465
963467
964504
964519
964523
964545
964558
964564
964580
964593
964600
964617
964633
964639
964657
964679
964682
964703
964716
964723
964738
964751
964757
964773
964787
964789
965403
965418
965421
965441
965456
965459
966955
966976
966984
967001
967016
967023
967040
967053
967060
967077
967096
967100
967121
967136
967143
967160
967180
967186
967778
967791
967795
967819
967842
967849
967864
967877
967884
967899
967912
967918
967935
967950
967952
967970
967990
967994
968012
968025
968031
968047
968060
968067
968084
968103
968110
968127
968138
968145
969107
969128
969136
969152
969165
969172
969187
969200
969207
969222
969235
969241
969260
969279
969283
969301
969316
969322
969338
969353
969356
969378
969391
969398
969413
969426
969433
969450
969466
969472
970883
970906
970909
970927
970940
970947
970968
970986
970988
971000
971017
971021
971038
971051
971057
971073
971096
971100
971112
971126
971128
971153
971170
971176
975085
975102
975106
975123
975136
975142
979694
979711
979715
979732
979745
979751
983186
983203
983207
983224
983237
983243
983658
983675
983679
983687
983701
983703
1109951
1109954
1109959
1109962
1109967
1109971
1109978
1109980
1109985
1109987
1109992
1109995
1110001
1110002
1110004
1110009
1110011
1110016
1110019
1110026
1110028
1110033
1110035
1110040
1110043
1110050
1110052
1110057
1110059
1110064
1110066
1110114
1110122
1110124
1110130
1110134
1110140
1110141
1110143
1110148
1110150
1110151
1110166
1110168
1110169
1110184
1110185
1110186
1110187
1110202
1110204
1110205
1110220
1110222
1110223
1110238
1110242
1110244
1110250
1110252
1110254
1110258
1110274
1110278
1110281
1110343
1110350
1110352
1110357
1110361
1110366
1110368
1110373
1110375
1110376
1110391
1110393
1110394
1110406
1110407
1110408
1110409
1110421
1110423
1110424
1110439
1110441
1110442
1110457
1110460
1110462
1110469
1110474
1110488
1110491
1110494
1110553
1110560
1110562
1110567
1110571
1110576
1110578
1110583
1110585
1110586
1110601
1110603
1110604
1110616
1110617
1110618
1110619
1110631
1110633
1110634
1110649
1110651
1110652
1110667
1110670
1110672
1110679
1110684
1110698
1110701
1110704
1110763
1110770
1110772
1110777
1110781
1110786
1110788
1110793
1110795
1110796
1110811
1110813
1110814
1110826
1110827
1110828
1110829
1110841
1110843
1110844
1110859
1110861
1110862
1110877
1110880
1110882
1110889
1110894
1110908
1110911
1110914
1110973
1110980
1110982
1110987
1110991
1110996
1110998
1111003
1111005
1111006
1111021
1111023
1111024
1111036
1111037
1111038
1111039
1111051
1111053
1111054
1111069
1111071
1111072
1111087
1111090
1111092
1111099
1111104
1111118
1111121
1111124
1111183
1111190
1111192
1111197
1111201
1111206
1111208
1111213
1111215
1111216
1111231
1111233
1111234
1111246
1111247
1111248
1111249
1111261
1111263
1111264
1111279
1111281
1111282
1111297
1111300
1111302
1111309
1111314
1111328
1111331
1111334
1111392
1111399
1111408
1111410
1111420
1111427
1111428
1111438
1111445
1111446
1111456
1111463
1111464
1111474
1111481
1111482
1111492
1111499
1111500
1111510
1111520
1111521
1111522
1111540
1115523
1115527
1115528
1115533
1115534
1115536
1115539
1115544
1115548
1115550
1115556
1115559
1115562
1115564
1115569
1115572
1115574
1115581
1115583
1115585
1115590
1115591
1115593
1115595
1115602
1115604
1115606
1115611
1115614
1115616
1115623
1115625
1115627
1115632
1115633
1115635
1115637
1115644
1115646
1115648
1115653
1115656
1115658
1115665
1115667
1115669
1115674
1115677
1115679
1115688
1115691
1115693
1115698
1115701
1115703
1115709
1115711
1115712
1115713
1115715
1115717
1115722
1115725
1115732
1115734
1115739
1115741
1115746
1115748
1115750
1115764
1115771
1115773
1115779
1115783
1115789
1115790
1115792
1115798
1115799
1115942
1115956
1115958
1115959
1115965
1115970
1115990
1116005
1116011
1116013
1116018
1116022
1116027
1116029
1116035
1116036
1116095
1116109
1116111
1116112
1116118
1116123
1116140
1116155
1116161
1116163
1116168
1116172
1116177
1116179
1116185
1116186
1116245
1116259
1116261
1116262
1116268
1116273
1116290
1116305
1116311
1116313
1116318
1116322
1116327
1116329
1116335
1116336
1116395
1116409
1116411
1116412
1116418
1116423
1116440
1116455
1116461
1116463
1116468
1116472
1116477
1116479
1116485
1116486
1116545
1116559
1116561
1116562
1116568
1116573
1116590
1116605
1116611
1116613
1116618
1116622
1116627
1116629
1116635
1116636
1116749
1116763
1116765
1116766
1116772
1116777
1116794
1116808
1116814
1116823
1116825
1116834
1116842
1116843
1116852
1116860
1116861
1116870
1116878
1116879
1116888
1116896
1116897
1116906
1116914
1116915
1116924
1116932
1116933
1116942
1116950
1116951
1116960
1116968
1116969
1116978
1116986
1116987
1116997
1117004
1117005
1117006
1119610
1119614
1119615
1119620
1119621
1119623
1119626
1119631
1119633
1119635
1119637
1119643
1119646
1119649
1119651
1119656
1119659
1119661
1119668
1119670
1119672
1119677
1119680
1119682
1119688
1119689
1119691
1119693
1119698
1119700
1119701
1119703
1119706
1119710
1119712
1119714
1119718
1119719
1119722
1119724
1119730
1119732
1119734
1119740
1119742
1119745
1119750
1119752
1119756
1119760
1119767
1119769
1119771
1119776
1119779
1119781
1119788
1119790
1119792
1119797
1119800
1119802
1119809
1119811
1119813
1119818
1119821
1119823
1119830
1119832
1119834
1119839
1119842
1119844
1119851
1119853
1119855
1119860
1119863
1119869
1119871
1119872
1119877
1119879
1119884
1119886
1119956
1119957
1119962
1119964
1119967
1119968
1120154
1120155
1120157
1120176
1120182
1120184
1120186
1120189
1120193
1120260
1120261
1120265
1120267
1120270
1120271
1120305
1120306
1120309
1120329
1120335
1120338
1120340
1120344
1120411
1120412
1120416
1120418
1120421
1120422
1120472
1120473
1120476
1120496
1120502
1120505
1120507
1120511
1120578
1120579
1120583
1120585
1120588
1120589
1120639
1120640
1120643
1120663
1120669
1120672
1120674
1120678
1120745
1120746
1120750
1120752
1120755
1120756
1120806
1120807
1120810
1120830
1120836
1120839
1120841
1120845
1120912
1120913
1120917
1120919
1120922
1120923
1121101
1121102
1121104
1121122
1121128
1121131
1121133
1121137
1121203
1121204
1121209
1121217
1121218
1121227
1121235
1121236
1121245
1121253
1121254
1121263
1121271
1121272
1121281
1121289
1121290
1121299
1121307
1121308
1121317
1121325
1121326
1121335
1121343
1121344
1121353
1121361
1121362
1121371
1121379
1121380
1121389
1121397
1121398
1121407
1121415
1121416
1121426
1121433
1121434
1121453
1121454
1121456
1127799
1127803
1127804
1127809
1127810
1127812
1127815
1127820
1127822
1127824
1127826
1127833
1127835
1127837
1127842
1127845
1127847
1127854
1127856
1127858
1127863
1127866
1127868
1127875
1127877
1127879
1127884
1127887
1127889
1127895
1127896
1127898
1127900
1127905
1127907
1127908
1127910
1127913
1127917
1127919
1127921
1127925
1127926
1127929
1127930
1127931
1127937
1127939
1127941
1127946
1127947
1127948
1127949
1127952
1127957
1127959
1127963
1127964
1127967
1127974
1127976
1127978
1127983
1127986
1127988
1127995
1127997
1127999
1128004
1128007
1128009
1128016
1128018
1128020
1128025
1128028
1128030
1128037
1128039
1128041
1128046
1128049
1128051
1128058
1128060
1128062
1128067
1128070
1128072
1128079
1128081
1128083
1128088
1128091
1128093
1128101
1128102
1128103
1128105
1128107
1128112
1128114
1128241
1128242
1128247
1128249
1128252
1128253
1128479
1128497
1128503
1128505
1128510
1128638
1128639
1128643
1128645
1128648
1128649
1128693
1128712
1128718
1128723
1128851
1128852
1128856
1128858
1128861
1128862
1128956
1128975
1128981
1128986
1129114
1129115
1129119
1129121
1129124
1129125
1129216
1129235
1129241
1129246
1129374
1129375
1129379
1129381
1129384
1129385
1129441
1129460
1129466
1129471
1129599
1129600
1129604
1129606
1129609
1129610
1129853
1129870
1129876
1129881
1130008
1130009
1130014
1130022
1130023
1130032
1130040
1130041
1130050
1130058
1130059
1130068
1130076
1130077
1130086
1130094
1130095
1130104
1130112
1130113
1130122
1130130
1130131
1130140
1130148
1130149
1130158
1130166
1130167
1130176
1130184
1130185
1130194
1130202
1130203
1130212
1130220
1130221
1130230
1130238
1130239
1130248
1130256
1130257
1130266
1130274
1130275
1130294
1130295
1140044
1140052
1140054
1140057
1140062
1140066
1140068
1140075
1140077
1140079
1140084
1140087
1140088
1140089
1140096
1140098
1140100
1140105
1140106
1140108
1140110
1140117
1140119
1140121
1140126
1140129
1140131
1140137
1140138
1140140
1140142
1140147
1140150
1140152
1140155
1140156
1140158
1140159
1140161
1140163
1140167
1140168
1140169
1140170
1140171
1140172
1140173
1140179
1140181
1140183
1140191
1140195
1140199
1140201
1140205
1140206
1140209
1140216
1140218
1140220
1140225
1140228
1140230
1140237
1140239
1140241
1140246
1140249
1140251
1140258
1140260
1140262
1140267
1140270
1140272
1140279
1140281
1140283
1140288
1140291
1140293
1140300
1140302
1140304
1140309
1140312
1140314
1140321
1140323
1140325
1140330
1140331
1140333
1140334
1140335
1140342
1140344
1140346
1140351
1140352
1140354
1140355
1140360
1140363
1140368
1140370
1140375
1140377
1140379
1140399
1140400
1140406
1140413
1140414
1140416
1140652
1140653
1140655
1140661
1140666
1140687
1140709
1140715
1140721
1140723
1140767
1140768
1140771
1140778
1140784
1140802
1140824
1140830
1140836
1140838
1140932
1140933
1140936
1140943
1140949
1140967
1140989
1140995
1141001
1141003
1141094
1141095
1141098
1141105
1141111
1141129
1141151
1141157
1141163
1141165
1141221
1141222
1141225
1141232
1141238
1141256
1141278
1141284
1141290
1141292
1141548
1141549
1141551
1141557
1141562
1141580
1141600
1141608
1141611
1141621
1141629
1141630
1141639
1141647
1141648
1141657
1141665
1141666
1141675
1141683
1141684
1141693
1141701
1141702
1141711
1141719
1141720
1141729
1141737
1141738
1141747
1141755
1141756
1141765
1141773
1141774
1141783
1141791
1141792
1141801
1141809
1141810
1141819
1141827
1141828
1141837
1141845
1141846
1141855
1141863
1141864
1141873
1141881
1141882
1141892
1141899
1141900
1141901
1145646
1145652
1145653
1145656
1145659
1145662
1145667
1145669
1145671
1145673
1145681
1145683
1145691
1145694
1145699
1145701
1145705
1145707
1145709
1145712
1145713
1145716
1145718
1145720
1145725
1145726
1145728
1145729
1145730
1145737
1145739
1145741
1145746
1145749
1145751
1145757
1145758
1145760
1145762
1145767
1145770
1145772
1145775
1145776
1145778
1145779
1145781
1145783
1145788
1145789
1145790
1145791
1145792
1145793
1145799
1145801
1145803
1145811
1145815
1145819
1145821
1145825
1145829
1145836
1145838
1145840
1145845
1145848
1145850
1145857
1145859
1145861
1145866
1145869
1145871
1145878
1145880
1145882
1145887
1145890
1145892
1145899
1145901
1145903
1145908
1145911
1145913
1145919
1145920
1145922
1145924
1145929
1145931
1145932
1145933
1145934
1145942
1145944
1145952
1145958
1145960
1145962
1145968
1145970
1145976
1145979
1145981
1145986
1145988
1145990
1146110
1146117
1146118
1146123
1146125
1146329
1146334
1146336
1146338
1146341
1146345
1146465
1146471
1146472
1146476
1146478
1146591
1146596
1146599
1146601
1146605
1146725
1146731
1146732
1146736
1146738
1146907
1146912
1146915
1146917
1146921
1147041
1147047
1147048
1147052
1147054
1147220
1147225
1147228
1147230
1147234
1147354
1147360
1147361
1147365
1147367
1147489
1147494
1147497
1147499
1147503
1147623
1147629
1147630
1147634
1147636
1147832
1147837
1147840
1147842
1147846
1147971
1147972
1147977
1147985
1147986
1147995
1148003
1148004
1148013
1148021
1148022
1148031
1148039
1148040
1148049
1148057
1148058
1148067
1148075
1148076
1148085
1148093
1148094
1148103
1148111
1148112
1148121
1148129
1148130
1148139
1148147
1148148
1148157
1148165
1148166
1148175
1148183
1148184
1148193
1148201
1148202
1148211
1148219
1148220
1148229
1148237
1148238
1148247
1148255
1148256
1148265
1148273
1148274
1148290
1148291
1148293
1157925
1157929
1157935
1157936
1157941
1157945
1157947
1157950
1157952
1157959
1157961
1157963
1157968
1157971
1157973
1157981
1157983
1157991
1157994
1157999
1158001
1158005
1158009
1158015
1158017
1158019
1158025
1158027
1158034
1158036
1158038
1158043
1158044
1158046
1158047
1158048
1158054
1158055
1158057
1158059
1158064
1158066
1158067
1158069
1158072
1158075
1158076
1158078
1158080
1158084
1158085
1158086
1158087
1158088
1158089
1158090
1158098
1158100
1158108
1158111
1158116
1158118
1158122
1158126
1158133
1158135
1158137
1158142
1158145
1158147
1158154
1158156
1158158
1158163
1158166
1158168
1158175
1158177
1158179
1158184
1158187
1158189
1158196
1158198
1158200
1158205
1158207
1158208
1158210
1158213
1158214
1158218
1158220
1158225
1158228
1158236
1158238
1158246
1158252
1158254
1158256
1158262
1158264
1158271
1158273
1158275
1158280
1158283
1158285
1158291
1158293
1158294
1158295
1158297
1158299
1158304
1158306
1158308
1158367
1158372
1158377
1158379
1158558
1158563
1158568
1158647
1158651
1158655
1158657
1158704
1158709
1158714
1158790
1158794
1158798
1158800
1158992
1158997
1159002
1159078
1159082
1159086
1159088
1159277
1159282
1159287
1159363
1159367
1159371
1159373
1159536
1159541
1159546
1159622
1159626
1159630
1159632
1159716
1159721
1159726
1159797
1159804
1159806
1159815
1159823
1159824
1159833
1159841
1159842
1159851
1159859
1159860
1159869
1159877
1159878
1159887
1159895
1159896
1159905
1159913
1159914
1159923
1159931
1159932
1159941
1159949
1159950
1159959
1159967
1159968
1159977
1159985
1159986
1159995
1160003
1160004
1160013
1160021
1160022
1160031
1160039
1160040
1160049
1160057
1160058
1160067
1160075
1160076
1160085
1160093
1160094
1160103
1160111
1160112
1160121
1160129
1160130
1160131
1164990
1164995
1164998
1165000
1165003
1165008
1165010
1165012
1165014
1165021
1165023
1165025
1165030
1165033
1165035
1165043
1165045
1165053
1165056
1165061
1165063
1165067
1165070
1165071
1165079
1165081
1165089
1165095
1165097
1165099
1165105
1165107
1165115
1165117
1165125
1165131
1165132
1165134
1165136
1165141
1165142
1165143
1165144
1165145
1165146
1165154
1165156
1165161
1165163
1165164
1165167
1165172
1165174
1165178
1165179
1165182
1165189
1165191
1165193
1165198
1165201
1165203
1165210
1165212
1165214
1165219
1165222
1165224
1165232
1165234
1165242
1165250
1165252
1165258
1165260
1165263
1165264
1165268
1165270
1165275
1165278
1165286
1165288
1165293
1165295
1165296
1165302
1165304
1165306
1165312
1165313
1165314
1165321
1165323
1165325
1165330
1165333
1165335
1165341
1165342
1165344
1165346
1165351
1165353
1165355
1165380
1165386
1165392
1165522
1165539
1165543
1165545
1165550
1165579
1165584
1165589
1165639
1165657
1165661
1165666
1165695
1165700
1165705
1165930
1165948
1165952
1165957
1165986
1165991
1165996
1166154
1166172
1166176
1166181
1166210
1166215
1166220
1166337
1166355
1166359
1166364
1166393
1166398
1166403
1166477
1166493
1166497
1166502
1166535
1166541
1166549
1166550
1166559
1166567
1166568
1166577
1166585
1166586
1166595
1166603
1166604
1166613
1166621
1166622
1166631
1166639
1166640
1166649
1166657
1166658
1166667
1166675
1166676
1166685
1166693
1166694
1166709
1166717
1166721
1166739
1166747
1166751
1166763
1166771
1166772
1166781
1166789
1166790
1166799
1166807
1166808
1166817
1166825
1166826
1166835
1166843
1166844
1166853
1166861
1166862
1166871
1166879
1166880
1166889
1166897
1166898
1166914
1166915
1170686
1170691
1170694
1170696
1170699
1170704
1170706
1170708
1170710
1170717
1170719
1170721
1170726
1170729
1170731
1170738
1170740
1170742
1170747
1170750
1170752
1170758
1170759
1170761
1170763
1170768
1170770
1170771
1170773
1170781
1170783
1170788
1170790
1170791
1170797
1170799
1170801
1170806
1170807
1170808
1170809
1170815
1170817
1170819
1170825
1170827
1170833
1170835
1170837
1170842
1170843
1170844
1170845
1170852
1170854
1170856
1170861
1170864
1170866
1170873
1170875
1170877
1170882
1170885
1170887
1170894
1170896
1170898
1170903
1170906
1170908
1170916
1170918
1170926
1170934
1170936
1170944
1170952
1170954
1170960
1170962
1170965
1170966
1170968
1170970
1170972
1170977
1170978
1170979
1170980
1170986
1170987
1170989
1170991
1170996
1170998
1170999
1171001
1171004
1171007
1171008
1171010
1171012
1171016
1171017
1171018
1171019
1171020
1171021
1171022
1171029
1171031
1171033
1171038
1171041
1171043
1171050
1171052
1171054
1171059
1171062
1171068
1171070
1171076
1171082
1171083
1171112
1171118
1171124
1171339
1171344
1171349
1171399
1171404
1171409
1171490
1171496
1171502
1171550
1171555
1171560
1171723
1171729
1171735
1171783
1171788
1171793
1171890
1171896
1171902
1171950
1171955
1171960
1172099
1172105
1172111
1172159
1172164
1172169
1172406
1172411
1172416
1172467
1172473
1172481
1172482
1172491
1172499
1172500
1172509
1172517
1172518
1172527
1172535
1172536
1172545
1172553
1172554
1172563
1172571
1172572
1172581
1172589
1172590
1172599
1172607
1172608
1172671
1172711
1172719
1172726
1172741
1172749
1172750
1172759
1172767
1172768
1172777
1172785
1172786
1172795
1172803
1172804
1172813
1172821
1172822
1172831
1172839
1172840
1172849
1172857
1172858
1172874
1172875
1182061
1182066
1182069
1182071
1182074
1182079
1182083
1182085
1182092
1182094
1182096
1182101
1182104
1182106
1182113
1182115
1182117
1182122
1182125
1182127
1182134
1182136
1182138
1182143
1182146
1182148
1182155
1182157
1182159
1182164
1182166
1182167
1182169
1182173
1182174
1182176
1182178
1182180
1182185
1182186
1182187
1182188
1182189
1182190
1182198
1182200
1182208
1182215
1182217
1182219
1182224
1182227
1182229
1182236
1182238
1182240
1182245
1182248
1182250
1182257
1182259
1182261
1182266
1182269
1182271
1182278
1182280
1182282
1182287
1182289
1182290
1182292
1182296
1182297
1182299
1182301
1182303
1182308
1182309
1182310
1182311
1182312
1182313
1182321
1182323
1182331
1182338
1182340
1182342
1182347
1182350
1182352
1182359
1182361
1182363
1182368
1182371
1182373
1182380
1182382
1182384
1182389
1182392
1182394
1182401
1182403
1182405
1182410
1182413
1182415
1182422
1182424
1182426
1182431
1182434
1182436
1182443
1182445
1182447
1182452
1182455
1182460
1182466
1182472
1182473
1182497
1182502
1182503
1182505
1182512
1182513
1182855
1182860
1182865
1182908
1182912
1182913
1182915
1182921
1182964
1182970
1182976
1183017
1183021
1183022
1183024
1183030
1183185
1183191
1183197
1183238
1183242
1183243
1183245
1183251
1183292
1183298
1183304
1183345
1183349
1183350
1183352
1183358
1183439
1183445
1183451
1183492
1183496
1183497
1183499
1183505
1183755
1183760
1183765
1183805
1183812
1183815
1183825
1183833
1183834
1183843
1183851
1183852
1183861
1183869
1183870
1183879
1183887
1183888
1183897
1183905
1183906
1183915
1183923
1183924
1183933
1183941
1183942
1184001
1184042
1184050
1184054
1184066
1184074
1184075
1184084
1184092
1184093
1184102
1184110
1184111
1184120
1184128
1184129
1184138
1184146
1184147
1184156
1184164
1184165
1184181
1184182
1193016
1193024
1193026
1193029
1193034
1193038
1193040
1193047
1193049
1193051
1193056
1193059
1193061
1193068
1193070
1193072
1193077
1193080
1193082
1193089
1193091
1193093
1193098
1193101
1193103
1193110
1193112
1193114
1193119
1193122
1193124
1193131
1193133
1193135
1193140
1193143
1193144
1193145
1193152
1193154
1193156
1193161
1193164
1193166
1193173
1193175
1193177
1193182
1193185
1193186
1193187
1193194
1193196
1193198
1193203
1193206
1193208
1193215
1193217
1193219
1193224
1193227
1193229
1193236
1193238
1193240
1193245
1193248
1193250
1193257
1193259
1193261
1193266
1193269
1193271
1193278
1193280
1193282
1193287
1193290
1193292
1193299
1193301
1193303
1193308
1193311
1193313
1193320
1193322
1193324
1193329
1193332
1193334
1193341
1193343
1193345
1193350
1193353
1193355
1193362
1193364
1193366
1193371
1193374
1193376
1193383
1193385
1193387
1193392
1193395
1193397
1193404
1193406
1193408
1193413
1193416
1193421
1193427
1193433
1193434
1193459
1193460
1193466
1193472
1193473
1193474
1193480
1193825
1193830
1193835
1193879
1193885
1193890
1193891
1193897
1194044
1194050
1194056
1194098
1194104
1194109
1194110
1194116
1194263
1194269
1194275
1194317
1194323
1194328
1194329
1194335
1194368
1194374
1194380
1194422
1194428
1194433
1194434
1194440
1194511
1194517
1194523
1194565
1194571
1194576
1194577
1194583
1194906
1194911
1194916
1194955
1194963
1194966
1194968
1194976
1194984
1194985
1194994
1195002
1195003
1195012
1195020
1195021
1195030
1195038
1195039
1195048
1195056
1195057
1195066
1195074
1195075
1195084
1195098
1195099
1195184
1195195
1195199
1195211
1195219
1195220
1195229
1195237
1195238
1195247
1195255
1195256
1195265
1195273
1195274
1195283
1195291
1195292
1195301
1195309
1195310
1195326
1195327
1203910
1203915
1203918
1203920
1203923
1203928
1203930
1203932
1203934
1203941
1203943
1203945
1203950
1203953
1203955
1203962
1203964
1203966
1203971
1203972
1203974
1203976
1203983
1203985
1203987
1203992
1203995
1203996
1203997
1204004
1204006
1204008
1204013
1204015
1204016
1204017
1204018
1204021
1204022
1204024
1204026
1204028
1204033
1204034
1204036
1204044
1204046
1204052
1204054
1204057
1204058
1204060
1204062
1204064
1204069
1204070
1204072
1204079
1204081
1204083
1204088
1204089
1204091
1204093
1204100
1204102
1204104
1204109
1204112
1204114
1204121
1204123
1204125
1204130
1204133
1204135
1204143
1204145
1204153
1204161
1204163
1204171
1204179
1204181
1204189
1204196
1204198
1204200
1204205
1204206
1204208
1204209
1204210
1204217
1204219
1204221
1204226
1204229
1204230
1204231
1204238
1204240
1204242
1204247
1204248
1204250
1204252
1204259
1204261
1204263
1204268
1204271
1204273
1204280
1204282
1204284
1204289
1204292
1204297
1204303
1204309
1204310
1204339
1204345
1204351
1204584
1204589
1204594
1204641
1204646
1204651
1204690
1204696
1204702
1204747
1204752
1204757
1204998
1205004
1205010
1205055
1205060
1205065
1205193
1205199
1205205
1205250
1205255
1205260
1205414
1205420
1205426
1205471
1205476
1205481
1205684
1205689
1205694
1205742
1205748
1205756
1205757
1205766
1205774
1205775
1205784
1205792
1205793
1205802
1205810
1205811
1205820
1205828
1205829
1205838
1205846
1205847
1205856
1205864
1205865
1205891
1205892
1205972
1205995
1206003
1206019
1206027
1206028
1206037
1206045
1206046
1206055
1206063
1206064
1206073
1206081
1206082
1206091
1206099
1206100
1206109
1206117
1206118
1206127
1206135
1206136
1206152
1206153
1213307
1213312
1213315
1213317
1213320
1213325
1213327
1213329
1213331
1213337
1213338
1213340
1213342
1213347
1213349
1213350
1213352
1213355
1213356
1213357
1213359
1213361
1213363
1213368
1213369
1213370
1213371
1213372
1213373
1213376
1213379
1213381
1213383
1213387
1213391
1213394
1213395
1213397
1213399
1213401
1213409
1213412
1213413
1213415
1213417
1213419
1213425
1213427
1213435
1213437
1213443
1213445
1213448
1213449
1213453
1213455
1213461
1213462
1213463
1213466
1213467
1213468
1213470
1213472
1213474
1213479
1213480
1213481
1213482
1213483
1213484
1213491
1213493
1213495
1213500
1213501
1213503
1213505
1213512
1213514
1213516
1213521
1213524
1213526
1213534
1213536
1213544
1213552
1213554
1213562
1213568
1213570
1213572
1213578
1213580
1213586
1213588
1213590
1213595
1213598
1213601
1213602
1213606
1213608
1213614
1213616
1213619
1213620
1213621
1213623
1213625
1213627
1213632
1213633
1213634
1213635
1213636
1213637
1213644
1213646
1213648
1213653
1213656
1213658
1213664
1213667
1213669
1213674
1213676
1213703
1213709
1213715
1213900
1213905
1213907
1213912
1213914
1213941
1213946
1213951
1214042
1214047
1214052
1214054
1214081
1214086
1214091
1214383
1214388
1214393
1214395
1214422
1214427
1214432
1214635
1214640
1214645
1214647
1214674
1214679
1214684
1214914
1214919
1214924
1214926
1214953
1214958
1214963
1215116
1215121
1215126
1215128
1215159
1215165
1215173
1215174
1215183
1215191
1215192
1215201
1215209
1215210
1215219
1215227
1215228
1215237
1215245
1215246
1215255
1215263
1215264
1215273
1215281
1215282
1215291
1215299
1215300
1215326
1215327
1215380
1215403
1215411
1215427
1215435
1215436
1215445
1215453
1215454
1215463
1215471
1215472
1215481
1215489
1215490
1215499
1215507
1215508
1215517
1215525
1215526
1215535
1215543
1215544
1215553
1215561
1215562
1215578
1215579
1221604
1221608
1221609
1221612
1221617
1221621
1221626
1221628
1221635
1221637
1221639
1221644
1221647
1221649
1221657
1221659
1221664
1221667
1221670
1221675
1221677
1221681
1221682
1221684
1221685
1221693
1221695
1221700
1221702
1221703
1221709
1221711
1221713
1221718
1221719
1221720
1221721
1221727
1221728
1221730
1221732
1221737
1221740
1221742
1221745
1221746
1221748
1221749
1221751
1221753
1221758
1221759
1221760
1221761
1221762
1221763
1221771
1221773
1221778
1221780
1221781
1221784
1221789
1221791
1221795
1221796
1221798
1221799
1221806
1221808
1221810
1221815
1221818
1221820
1221827
1221829
1221831
1221836
1221839
1221841
1221848
1221850
1221852
1221857
1221860
1221862
1221870
1221872
1221878
1221880
1221883
1221884
1221888
1221890
1221895
1221897
1221898
1221906
1221908
1221913
1221915
1221916
1221922
1221924
1221926
1221931
1221932
1221933
1221934
1221941
1221943
1221945
1221950
1221953
1221955
1221961
1221962
1221964
1221966
1221971
1221973
1221975
1221992
1222010
1222014
1222019
1222176
1222181
1222186
1222222
1222238
1222241
1222245
1222329
1222334
1222339
1222372
1222388
1222391
1222395
1222607
1222612
1222617
1222650
1222666
1222669
1222673
1222818
1222823
1222828
1222861
1222877
1222880
1222884
1222981
1222986
1222991
1223024
1223040
1223043
1223047
1223096
1223101
1223106
1223149
1223156
1223158
1223167
1223175
1223176
1223185
1223193
1223194
1223203
1223211
1223212
1223221
1223229
1223230
1223239
1223247
1223248
1223257
1223265
1223266
1223275
1223283
1223284
1223293
1223301
1223302
1223311
1223328
1223329
1223338
1223346
1223347
1223356
1223364
1223365
1223374
1223382
1223383
1223392
1223400
1223401
1223410
1223418
1223419
1223428
1223436
1223437
1223446
1223454
1223455
1223464
1223472
1223473
1223482
1223490
1223491
1223492
1226990
1226997
1226998
1227000
1227003
1227008
1227010
1227011
1227012
1227014
1227017
1227018
1227019
1227020
1227022
1227024
1227029
1227031
1227032
1227035
1227038
1227040
1227042
1227046
1227047
1227050
1227053
1227054
1227058
1227060
1227068
1227075
1227077
1227079
1227084
1227087
1227089
1227095
1227096
1227098
1227100
1227105
1227107
1227108
1227110
1227113
1227117
1227119
1227121
1227125
1227126
1227128
1227129
1227131
1227134
1227135
1227136
1227139
1227141
1227149
1227152
1227153
1227154
1227155
1227157
1227159
1227165
1227166
1227167
1227174
1227176
1227178
1227183
1227186
1227188
1227195
1227197
1227199
1227204
1227207
1227209
1227216
1227218
1227220
1227225
1227228
1227230
1227237
1227239
1227241
1227246
1227248
1227249
1227251
1227255
1227256
1227257
1227259
1227261
1227266
1227268
1227269
1227272
1227273
1227274
1227277
1227279
1227284
1227285
1227286
1227287
1227295
1227297
1227302
1227304
1227305
1227312
1227314
1227316
1227321
1227324
1227326
1227331
1227332
1227333
1227335
1227341
1227342
1227428
1227429
1227430
1227433
1227441
1227448
1227622
1227625
1227626
1227628
1227633
1227738
1227739
1227742
1227749
1227755
1227857
1227861
1227862
1227864
1227870
1227973
1227974
1227977
1227984
1227990
1228155
1228159
1228160
1228162
1228168
1228271
1228272
1228275
1228282
1228288
1228470
1228474
1228475
1228477
1228483
1228586
1228587
1228590
1228597
1228603
1228777
1228781
1228782
1228784
1228790
1228893
1228894
1228897
1228904
1228910
1229083
1229086
1229087
1229089
1229094
1229195
1229196
1229207
1229216
1229224
1229225
1229234
1229242
1229243
1229252
1229260
1229261
1229270
1229278
1229279
1229288
1229296
1229297
1229306
1229314
1229315
1229324
1229332
1229333
1229342
1229350
1229351
1229360
1229368
1229369
1229378
1229386
1229387
1229396
1229404
1229405
1229414
1229422
1229423
1229432
1229440
1229441
1229450
1229458
1229459
1229468
1229476
1229477
1229486
1229494
1229495
1229504
1229512
1229513
1229522
1229523
1229529
1229530
1237458
1237462
1237463
1237466
1237471
1237475
1237480
1237481
1237482
1237489
1237491
1237493
1237498
1237501
1237503
1237510
1237512
1237514
1237519
1237522
1237524
1237531
1237533
1237535
1237540
1237543
1237545
1237552
1237554
1237556
1237561
1237564
1237566
1237572
1237573
1237575
1237577
1237582
1237584
1237585
1237587
1237590
1237593
1237594
1237596
1237598
1237602
1237603
1237605
1237606
1237608
1237616
1237618
1237626
1237629
1237634
1237636
1237640
1237644
1237651
1237653
1237655
1237660
1237663
1237665
1237672
1237674
1237676
1237681
1237684
1237686
1237693
1237695
1237697
1237702
1237705
1237707
1237714
1237716
1237718
1237723
1237726
1237728
1237735
1237737
1237739
1237744
1237747
1237749
1237755
1237756
1237758
1237760
1237765
1237767
1237768
1237770
1237773
1237776
1237777
1237779
1237781
1237785
1237786
1237787
1237788
1237789
1237790
1237791
1237797
1237800
1237802
1237807
1237809
1237810
1237811
1237878
1237896
1237900
1237905
1238163
1238164
1238168
1238170
1238174
1238175
1238257
1238273
1238276
1238280
1238321
1238322
1238326
1238328
1238331
1238332
1238412
1238428
1238431
1238435
1238580
1238581
1238585
1238587
1238590
1238591
1238671
1238687
1238690
1238694
1238836
1238837
1238841
1238843
1238846
1238847
1238927
1238943
1238946
1238950
1239051
1239052
1239056
1239058
1239061
1239062
1239142
1239158
1239161
1239165
1239358
1239359
1239363
1239365
1239368
1239369
1239459
1239466
1239468
1239477
1239485
1239486
1239495
1239503
1239504
1239513
1239521
1239522
1239531
1239539
1239540
1239549
1239557
1239558
1239567
1239575
1239576
1239585
1239593
1239594
1239603
1239611
1239612
1239621
1239629
1239630
1239639
1239647
1239648
1239657
1239665
1239666
1239675
1239683
1239684
1239693
1239701
1239702
1239711
1239719
1239720
1239729
1239737
1239738
1239747
1239755
1239756
1239757
1239758
1246146
1246151
1246154
1246156
1246159
1246164
1246165
1246166
1246168
1246170
1246177
1246179
1246181
1246186
1246189
1246191
1246198
1246200
1246202
1246207
1246210
1246212
1246219
1246221
1246223
1246228
1246231
1246233
1246239
1246240
1246242
1246244
1246249
1246251
1246252
1246254
1246257
1246260
1246261
1246263
1246265
1246269
1246270
1246272
1246273
1246275
1246283
1246285
1246290
1246292
1246293
1246296
1246301
1246303
1246307
1246308
1246310
1246311
1246318
1246320
1246322
1246327
1246330
1246332
1246339
1246341
1246343
1246348
1246351
1246353
1246360
1246362
1246364
1246369
1246372
1246374
1246381
1246383
1246385
1246390
1246393
1246395
1246402
1246404
1246406
1246411
1246414
1246416
1246423
1246425
1246427
1246432
1246435
1246437
1246444
1246446
1246448
1246453
1246456
1246461
1246467
1246473
1246474
1246475
1246504
1246505
1246506
1246509
1246517
1246524
1246541
1246771
1246776
1246781
1246783
1246827
1246828
1246831
1246838
1246844
1246861
1246890
1246896
1246902
1246904
1246946
1246947
1246950
1246957
1246963
1246980
1247056
1247062
1247068
1247070
1247112
1247113
1247116
1247123
1247129
1247146
1247219
1247225
1247231
1247233
1247275
1247276
1247279
1247286
1247292
1247309
1247350
1247356
1247362
1247364
1247406
1247407
1247410
1247417
1247423
1247440
1247690
1247695
1247700
1247702
1247742
1247743
1247754
1247763
1247771
1247772
1247781
1247789
1247790
1247799
1247807
1247808
1247817
1247825
1247826
1247835
1247843
1247844
1247853
1247861
1247862
1247871
1247879
1247880
1247889
1247897
1247898
1247907
1247915
1247916
1247925
1247933
1247934
1247943
1247951
1247952
1247961
1247969
1247970
1247979
1247987
1247988
1247997
1248005
1248006
1248015
1248023
1248024
1248040
1248041
1252509
1252517
1252519
1252522
1252527
1252528
1252529
1252531
1252533
1252540
1252542
1252544
1252549
1252552
1252554
1252561
1252563
1252565
1252570
1252573
1252575
1252581
1252582
1252584
1252586
1252591
1252593
1252594
1252596
1252599
1252603
1252605
1252607
1252611
1252612
1252614
1252615
1252617
1252620
1252621
1252622
1252625
1252627
1252632
1252635
1252638
1252639
1252640
1252641
1252643
1252645
1252651
1252652
1252653
1252660
1252662
1252664
1252669
1252672
1252674
1252681
1252683
1252685
1252690
1252693
1252695
1252702
1252704
1252706
1252711
1252714
1252716
1252723
1252725
1252727
1252732
1252735
1252737
1252744
1252746
1252748
1252753
1252756
1252758
1252765
1252767
1252769
1252774
1252777
1252778
1252779
1252784
1252785
1252786
1252788
1252794
1252795
1252796
1252967
1252968
1252969
1252972
1252980
1252987
1253004
1253189
1253195
1253197
1253200
1253201
1253203
1253208
1253210
1253396
1253397
1253400
1253407
1253413
1253433
1253476
1253483
1253485
1253490
1253491
1253494
1253499
1253501
1253684
1253685
1253688
1253695
1253701
1253721
1253776
1253783
1253785
1253790
1253791
1253794
1253799
1253801
1253984
1253985
1253988
1253995
1254001
1254021
1254076
1254083
1254085
1254090
1254091
1254094
1254099
1254101
1254284
1254285
1254288
1254295
1254301
1254321
1254373
1254380
1254382
1254387
1254388
1254391
1254396
1254398
1254581
1254582
1254585
1254592
1254598
1254615
1254811
1254817
1254819
1254822
1254823
1254825
1254830
1254832
1255014
1255015
1255026
1255035
1255043
1255044
1255053
1255061
1255062
1255071
1255079
1255080
1255089
1255097
1255098
1255107
1255115
1255116
1255125
1255133
1255134
1255143
1255151
1255152
1255161
1255169
1255170
1255179
1255187
1255188
1255197
1255205
1255206
1255215
1255223
1255224
1255233
1255241
1255242
1255251
1255259
1255260
1255262
1255269
1255270
1255276
1255277
1268284
1268288
1268292
1268297
1268301
1268306
1268307
1268308
1268315
1268317
1268319
1268324
1268325
1268327
1268329
1268335
1268336
1268338
1268340
1268345
1268347
1268348
1268350
1268353
1268356
1268357
1268359
1268361
1268365
1268366
1268367
1268368
1268369
1268370
1268371
1268374
1268375
1268379
1268381
1268386
1268388
1268389
1268392
1268397
1268399
1268403
1268404
1268407
1268414
1268416
1268418
1268423
1268426
1268428
1268435
1268437
1268439
1268444
1268447
1268449
1268456
1268458
1268460
1268465
1268468
1268470
1268477
1268479
1268481
1268486
1268487
1268489
1268491
1268497
1268500
1268502
1268507
1268508
1268509
1268510
1268511
1268520
1268521
1268522
1268525
1268546
1268550
1268554
1268555
1268560
1268575
1268700
1268701
1268704
1268705
1268707
1268711
1268712
1268752
1268753
1268756
1268776
1268782
1268786
1268787
1268792
1268810
1268851
1268852
1268855
1268856
1268858
1268861
1268862
1268897
1268898
1268901
1268921
1268927
1268931
1268932
1268937
1268955
1269012
1269013
1269016
1269017
1269019
1269022
1269023
1269058
1269059
1269062
1269082
1269088
1269092
1269093
1269098
1269116
1269173
1269174
1269177
1269178
1269180
1269183
1269184
1269219
1269220
1269223
1269243
1269249
1269253
1269254
1269259
1269277
1269334
1269335
1269338
1269339
1269341
1269344
1269345
1269380
1269381
1269384
1269403
1269407
1269411
1269412
1269417
1269432
1269545
1269546
1269549
1269550
1269552
1269555
1269556
1269590
1269591
1269611
1269618
1269620
1269622
1269629
1269637
1269638
1269647
1269655
1269656
1269665
1269673
1269674
1269683
1269691
1269692
1269701
1269709
1269710
1269719
1269727
1269728
1269737
1269745
1269746
1269755
1269763
1269764
1269773
1269781
1269782
1269791
1269799
1269800
1269801
1269802
1272463
1272467
1272471
1272476
1272480
1272485
1272486
1272487
1272494
1272496
1272498
1272503
1272504
1272506
1272507
1272508
1272515
1272517
1272519
1272524
1272525
1272527
1272528
1272529
1272536
1272538
1272540
1272545
1272546
1272548
1272549
1272550
1272557
1272559
1272561
1272566
1272567
1272569
1272570
1272571
1272578
1272580
1272582
1272587
1272588
1272590
1272591
1272592
1272598
1272599
1272601
1272603
1272608
1272609
1272610
1272611
1272612
1272635
1272636
1272637
1272639
1272658
1272662
1272666
1272667
1272672
1272684
1272687
1272690
1272702
1272705
1272708
1272720
1272723
1272726
1272738
1272741
1272744
1272756
1272759
1272762
1272773
1272774
1272777
1272778
1272780
1272782
1272783
1272785
1272786
1272787
1272839
1272840
1272842
1272860
1272866
1272870
1272871
1272876
1272891
1272894
1272897
1272909
1272912
1272915
1272927
1272930
1272933
1272945
1272948
1272951
1272966
1272969
1272972
1272986
1272987
1272990
1272991
1272993
1272995
1272997
1272998
1272999
1273046
1273047
1273049
1273067
1273073
1273077
1273078
1273083
1273098
1273101
1273104
1273116
1273119
1273122
1273134
1273137
1273140
1273152
1273155
1273158
1273173
1273176
1273179
1273193
1273194
1273197
1273198
1273200
1273202
1273204
1273205
1273206
1273253
1273254
1273256
1273274
1273280
1273284
1273285
1273290
1273305
1273308
1273311
1273323
1273326
1273329
1273341
1273344
1273347
1273359
1273362
1273365
1273380
1273383
1273386
1273400
1273401
1273404
1273405
1273407
1273409
1273411
1273412
1273413
1273460
1273461
1273463
1273481
1273487
1273491
1273492
1273497
1273512
1273515
1273518
1273530
1273533
1273536
1273548
1273551
1273554
1273566
1273569
1273572
1273587
1273590
1273593
1273607
1273608
1273611
1273612
1273614
1273616
1273618
1273619
1273620
1273667
1273668
1273670
1273687
1273691
1273695
1273696
1273701
1273713
1273716
1273719
1273731
1273734
1273737
1273749
1273752
1273755
1273767
1273770
1273773
1273785
1273788
1273791
1273802
1273803
1273806
1273807
1273809
1273811
1273813
1273814
1273815
1273858
1273859
1273876
1273883
1273885
1273887
1273894
1273902
1273903
1273905
1273912
1273920
1273921
1273923
1273930
1273938
1273939
1273941
1273948
1273956
1273957
1273959
1273966
1273974
1273975
1273977
1273984
1273992
1273993
1273994
1273995
1274002
1274003
1276236
1276355
1276463
1276571
1276679
1276787
1457480
1457485
1457487
1457493
1457495
1457499
1457501
1457505
1457537
1457542
1457544
1457751
1457757
1457762
1462193
1462199
1462205
1462210
1464717
1464720
1464728
1464730
1464745
1465026
1465027
1465031
1465036
1473521
1473524
1473528
1473954
1473959
1473962
1474131
1474134
1474136
1475091
1475094
1475102
1475105
1475108
1475338
1475344
1475350
1475355
1476827
1476831
1476835
1482200
1482205
1482211
1482212
1482326
1482331
1482335
1482336
1488307
1488310
1488313
1492913
1492914
1495615
1495618
1495620
1495952
1495955
1495958
1500516
1500519
1500522
1500537
1500538
1502715
1502718
1502720
1502730
1502733
1502734
1502735
1502736
1502831
1672309
1672321
1672324
1672327
1672354
1672361
1672365
1672372
1672402
1672413
1672416
1672418
1682981
1682986
1682988
1682991
1683032
1683042
1683045
1683047
1683066
1683083
1683088
1683089
1683091
1694631
1694636
1694640
1694644
1694673
1694679
1694683
1694684
1694707
1694709
1694738
1694744
1694747
1694748
1705388
1705391
1705395
1705416
1705418
1705422
1705425
1705448
1705451
1705454
1705473
1705480
1705483
1716937
1716941
1716943
1716944
2001222
2001226
2001232
2001236
2001242
2001246
2001250
2001252
2010318
2010321
2010322
2010323
2018071
2018076
2018078
2018080
2024679
2024682
2024683
2024684
2030253
2030259
2030260
2030262
2239068
2239071
2239074
2239075
2239093
2239098
2239099
2239100
2239118
2239121
2239124
2239125
2239168
2239173
2239174
2239175
2244132
2244135
2244136
2244137
2244157
2244160
2244161
2244162
2244192
2244195
2244197
2244198
2246133
2246136
2246137
2246138
2246156
2246160
2246161
2246163
2246185
2246188
2246189
2246190
2246401
2246404
2246405
2246406
2246426
2246429
2246430
2246431
2246449
2246454
2246455
2246456
2249537
2249540
2249541
2249542
2249565
2249568
2249569
2249571
2249579
2249582
2249583
2249584
)
;
flipMap         List<bool> 
6438
(
1
1
1
1
1
1
1
1
1
1
1
1
1
1
1
1
1
1
1
1
1
1
1
1
1
1
1
1
1
1
1
1
1
1
1
1
1
1
1
1
1
1
1
1
1
1
1
1
1
1
1
1
1
1
1
1
1
1
1
0
0
0
0
0
0
0
0
0
0
1
1
1
1
0
0
1
1
1
1
0
0
1
1
1
1
0
0
1
1
1
1
0
0
1
1
1
1
0
0
1
1
1
1
0
0
0
0
0
0
0
0
0
0
1
1
1
1
1
1
1
1
1
1
1
1
1
1
1
1
0
0
0
0
0
0
0
0
0
0
0
0
0
0
0
1
1
1
0
0
0
1
1
1
0
0
0
1
1
1
0
0
0
1
1
1
0
0
0
1
1
1
0
0
0
1
1
1
0
0
0
0
0
0
0
0
0
0
0
0
0
0
0
1
1
1
1
1
1
1
1
1
1
1
1
1
1
1
1
1
0
0
0
0
0
0
0
0
0
0
0
0
0
0
1
1
1
1
1
1
1
1
1
1
1
1
1
1
1
1
1
1
1
1
1
1
1
1
0
0
0
0
0
0
0
0
0
0
0
0
0
0
1
1
1
1
1
1
1
1
1
1
1
1
1
1
1
1
1
1
1
0
0
0
0
0
0
0
0
0
0
0
0
0
0
0
0
0
1
0
1
0
1
0
1
0
1
0
1
0
0
0
0
0
0
0
0
0
0
0
0
0
0
0
0
0
1
1
1
1
1
1
1
1
1
1
1
1
1
1
1
1
1
1
0
0
0
0
0
0
0
0
0
0
0
0
0
0
0
0
0
0
0
0
0
0
0
0
0
0
0
0
0
0
0
0
0
0
0
0
0
0
0
0
0
0
0
0
0
0
0
0
0
0
0
0
0
0
0
0
0
0
0
0
0
0
0
0
1
1
1
1
1
1
1
1
1
1
1
1
1
1
1
1
1
1
1
0
0
0
0
0
0
0
0
0
0
0
0
0
0
0
0
0
0
1
1
1
1
1
1
1
1
1
1
1
1
0
0
0
0
0
0
0
0
0
0
0
0
0
0
0
0
0
0
1
1
1
1
1
1
1
1
1
1
1
1
1
1
1
1
1
1
1
1
0
0
0
0
0
0
0
0
0
0
0
0
0
0
0
0
0
0
0
0
0
1
1
0
0
1
1
0
0
1
1
0
0
1
1
0
0
1
1
0
0
1
1
0
0
0
0
0
0
0
0
0
0
0
0
0
0
0
0
0
0
0
0
0
1
1
1
1
1
1
1
1
1
1
1
1
1
1
1
1
1
1
1
1
1
1
0
0
0
0
0
0
0
0
0
0
0
0
0
0
0
0
0
0
0
0
0
0
0
0
0
0
0
0
0
0
0
0
0
0
0
0
0
0
0
0
0
0
0
0
0
0
0
0
0
0
0
0
1
1
1
1
1
1
1
1
1
1
1
1
1
1
1
1
1
1
1
1
0
0
0
0
0
0
0
0
0
0
0
0
0
0
0
0
0
0
0
0
0
0
0
0
0
0
0
0
0
0
0
0
0
0
0
0
0
0
0
0
0
0
0
0
0
0
0
0
0
0
1
1
1
1
1
1
1
1
1
1
1
1
1
1
1
1
1
1
1
1
1
0
0
0
0
0
0
0
0
0
0
0
0
0
0
0
0
0
0
0
0
0
1
0
1
0
1
0
1
0
1
0
1
0
0
0
0
0
0
0
0
0
0
0
0
0
0
0
0
1
1
1
1
1
1
1
1
1
1
1
1
1
1
1
1
1
1
1
1
0
0
0
0
0
0
0
0
0
0
0
0
0
0
0
0
0
0
0
0
0
0
0
0
0
0
0
0
0
0
0
0
0
0
0
0
0
0
0
0
0
0
0
0
0
0
0
0
0
0
1
1
1
1
1
1
1
1
1
1
1
1
1
1
1
1
1
1
1
1
0
0
0
0
0
0
0
0
0
0
0
0
0
0
0
0
0
0
0
0
0
0
0
0
0
0
0
0
0
0
0
0
0
0
0
0
0
0
0
0
0
0
0
0
0
0
0
0
0
0
0
0
1
1
1
1
1
1
1
1
1
1
1
1
1
1
1
1
1
1
1
0
0
0
0
0
0
0
0
0
0
0
0
0
0
0
0
0
0
0
0
0
1
1
0
0
1
1
0
0
1
1
0
0
1
1
0
0
1
1
0
0
1
1
0
0
0
0
0
0
0
0
0
0
0
0
0
0
0
0
0
0
0
0
0
1
1
1
1
1
1
1
1
1
1
1
1
1
1
1
1
1
1
1
1
1
0
0
0
0
0
0
0
0
0
0
0
0
0
0
0
0
0
0
1
1
1
1
1
1
1
1
1
1
1
1
0
0
0
0
0
0
0
0
0
0
0
0
0
0
0
0
0
0
1
1
1
1
1
1
1
1
1
1
1
1
1
1
1
1
1
1
1
0
0
0
0
0
0
0
0
0
0
0
0
0
0
0
0
0
0
0
0
0
0
0
0
0
0
0
0
0
0
0
0
0
0
0
0
0
0
0
0
0
0
0
0
0
0
0
0
0
0
0
0
0
0
0
0
0
0
0
0
0
0
0
0
1
1
1
1
1
1
1
1
1
1
1
1
1
1
1
1
1
0
0
0
0
0
0
0
0
0
0
0
0
0
0
0
0
0
1
0
1
0
1
0
1
0
1
0
1
0
0
0
0
0
0
0
0
0
0
0
0
0
0
0
0
0
1
1
1
1
1
1
1
1
1
1
1
1
1
1
1
1
0
0
0
0
0
0
0
0
0
0
0
0
0
0
1
1
1
1
1
1
1
1
1
1
1
1
1
1
1
1
1
1
1
1
1
1
1
1
0
0
0
0
0
0
0
0
0
0
0
0
0
0
1
1
1
1
1
1
1
1
1
1
1
1
1
1
1
1
0
0
0
0
0
0
0
0
0
0
0
0
0
0
0
1
1
1
0
0
0
1
1
1
0
0
0
1
1
1
0
0
0
1
1
1
0
0
0
1
1
1
0
0
0
1
1
1
0
0
0
0
0
0
0
0
0
0
0
0
0
0
0
1
1
1
1
1
1
1
1
1
1
1
0
0
0
0
0
0
0
0
0
0
1
1
1
1
0
0
1
1
1
1
0
0
1
1
1
1
0
0
1
1
1
1
0
0
1
1
1
1
0
0
1
1
1
1
0
0
0
0
0
0
0
0
0
0
1
1
1
1
1
1
1
1
1
1
1
1
1
1
1
1
1
1
1
1
1
1
1
1
1
1
1
1
1
1
1
1
1
1
1
1
1
1
1
1
1
1
1
1
1
1
1
1
1
1
1
0
0
0
0
0
0
0
0
0
0
0
0
0
0
0
0
0
0
0
0
0
0
0
0
0
0
0
0
0
0
0
0
0
0
0
0
0
0
0
0
0
0
0
0
0
0
0
0
0
0
0
0
0
0
0
0
0
0
0
0
0
0
0
0
0
0
0
0
0
0
0
0
0
0
0
0
0
0
0
0
0
0
0
0
0
0
0
0
0
0
0
0
0
0
0
0
0
0
0
0
0
0
0
0
0
0
0
0
0
0
0
0
0
0
0
0
0
0
0
0
0
0
0
0
0
0
0
0
0
0
0
0
0
0
0
0
0
0
0
0
0
0
0
0
0
0
0
0
0
0
0
0
0
0
0
0
0
0
0
0
0
0
0
0
0
0
0
0
0
0
0
0
0
0
0
0
0
0
0
0
0
0
0
0
0
0
0
0
0
0
0
0
0
0
0
0
0
0
0
0
0
0
0
0
0
0
0
0
0
0
0
0
0
0
0
0
0
0
0
0
0
0
0
0
0
0
0
0
0
0
0
0
0
0
0
0
0
0
0
0
0
0
0
0
0
0
0
0
0
0
0
0
1
1
1
1
1
1
1
1
1
1
1
1
1
1
1
1
1
1
1
1
1
1
1
1
1
1
1
1
1
1
1
1
1
1
1
1
0
1
1
1
1
1
1
1
1
1
1
1
1
1
1
1
1
1
1
1
1
1
0
0
0
0
1
1
1
1
1
1
1
1
1
1
1
1
1
1
1
1
1
1
1
1
1
1
1
1
1
1
1
1
1
0
0
1
1
1
1
1
1
1
1
1
1
1
1
1
1
1
1
1
1
1
1
1
1
1
1
1
1
1
1
1
0
0
1
1
1
1
1
1
1
1
1
1
1
1
1
1
1
1
1
1
1
1
1
1
1
1
1
1
1
1
1
0
0
1
1
1
1
1
1
1
1
1
1
1
1
1
1
1
1
1
1
1
1
1
1
1
1
1
1
1
1
1
0
0
1
1
1
1
1
1
1
1
1
1
1
1
1
1
1
1
1
1
1
1
1
1
1
1
1
1
1
1
1
0
0
1
1
1
1
1
1
0
1
0
0
1
0
0
1
0
0
1
0
0
1
0
0
1
0
0
0
1
1
1
1
1
0
1
1
1
1
1
0
1
1
1
1
1
1
1
1
1
1
1
1
1
1
1
1
1
1
1
1
1
1
1
0
1
1
1
1
1
1
1
1
1
1
1
1
1
1
1
1
1
1
1
1
0
0
1
0
1
1
1
1
1
1
1
1
1
1
0
1
1
1
1
1
0
1
1
1
1
0
1
1
1
0
0
1
1
1
1
1
1
1
1
1
1
0
1
1
1
0
0
1
1
1
1
1
1
1
1
1
1
0
1
1
1
0
0
1
1
1
1
1
1
1
1
1
1
0
1
1
1
0
0
1
1
1
1
1
1
1
1
1
1
0
1
1
1
0
0
1
1
1
1
1
1
1
1
1
1
0
1
1
1
0
0
1
1
1
1
0
0
0
0
0
0
0
0
0
0
0
0
0
0
0
0
0
0
0
0
0
0
0
0
0
0
0
0
1
0
0
0
1
1
1
1
0
1
1
1
0
1
1
0
1
1
1
1
1
1
1
1
1
1
1
1
1
1
1
1
1
1
1
1
0
1
1
1
0
1
1
1
0
1
1
0
1
1
1
1
1
1
1
1
1
1
1
1
1
1
1
1
1
1
1
1
1
1
1
1
1
1
1
1
1
1
1
1
1
1
1
0
0
1
1
1
1
1
1
1
1
1
1
1
1
0
1
1
0
0
1
0
1
1
1
1
1
1
1
1
0
1
1
0
1
0
1
1
1
1
1
1
1
1
0
1
1
0
1
0
1
1
1
1
1
1
1
1
0
1
1
0
1
0
1
1
1
1
1
1
1
1
0
1
1
0
1
0
1
1
1
1
1
1
1
1
0
1
1
0
1
0
1
1
1
0
0
0
0
0
0
0
0
0
0
0
0
0
0
0
0
0
0
0
0
0
0
0
0
0
0
0
0
0
0
0
0
0
0
0
0
1
0
0
0
0
1
1
1
1
1
0
1
1
1
0
1
1
1
1
1
1
1
1
1
1
1
1
1
1
1
1
1
1
1
1
1
1
1
1
1
1
1
1
0
1
1
1
0
1
1
1
1
0
1
1
1
0
1
1
1
1
1
1
1
1
1
1
1
1
1
1
1
1
1
1
1
1
1
1
1
1
1
1
1
1
1
1
1
1
1
1
1
1
1
1
1
1
1
1
1
1
1
0
0
1
1
1
1
1
1
1
1
1
1
0
1
0
0
0
1
1
1
1
1
1
0
1
0
0
1
1
1
1
1
1
0
1
0
0
1
1
1
1
1
1
0
1
0
0
1
1
1
1
1
1
0
1
0
0
1
1
1
1
1
1
0
1
0
0
1
1
0
0
0
0
0
0
0
0
0
0
0
0
0
0
0
0
0
0
0
0
0
0
0
0
0
0
0
0
0
0
0
0
0
0
0
0
0
0
0
0
0
0
0
0
0
0
0
1
1
1
1
1
1
1
1
1
1
1
1
0
1
1
1
1
1
0
1
1
1
1
1
1
1
1
1
1
1
1
1
1
1
1
0
1
1
1
1
1
1
0
1
1
1
1
1
1
1
1
0
1
1
1
1
1
1
1
1
1
1
1
1
1
1
1
1
1
1
1
1
1
1
1
1
1
1
1
1
1
1
1
1
1
1
1
1
1
1
1
1
1
1
1
1
1
1
1
1
1
1
0
1
1
1
1
1
0
0
1
1
0
1
1
1
0
1
0
0
1
1
1
1
1
1
0
1
0
0
1
1
1
1
1
1
0
1
0
0
1
1
1
1
1
1
0
1
0
0
1
1
1
1
1
1
0
1
0
0
1
1
1
1
1
1
0
1
0
0
1
0
1
0
0
0
0
0
0
0
0
0
0
0
0
0
0
0
0
0
0
0
0
0
0
0
0
0
0
0
0
0
0
0
0
0
0
0
0
0
0
0
0
0
0
0
0
0
0
1
0
0
0
1
0
0
1
1
1
1
0
1
1
1
1
1
0
1
1
0
1
1
1
1
1
1
1
1
0
1
0
1
1
1
1
1
1
1
0
1
1
1
1
1
1
1
1
1
1
1
1
1
1
1
1
1
1
1
1
1
1
0
1
1
1
1
1
1
1
1
1
1
1
1
1
1
1
1
1
1
1
1
1
1
1
1
1
1
1
1
1
1
1
1
1
1
1
1
1
1
1
1
0
1
1
0
1
1
1
1
1
1
1
1
1
1
1
1
0
0
0
1
0
1
1
1
1
1
1
0
0
1
0
1
1
1
1
1
1
0
0
1
0
1
1
1
1
1
1
0
0
1
0
1
1
1
1
1
1
0
0
1
0
1
1
1
1
1
1
0
0
1
0
1
1
1
0
0
0
0
0
0
0
0
0
0
0
0
0
0
0
0
0
0
0
0
0
0
0
0
0
0
0
0
0
0
0
0
0
0
0
0
0
0
0
0
0
0
0
0
0
0
0
0
0
0
0
0
0
1
1
1
1
0
1
1
1
1
1
1
1
1
1
1
1
1
1
1
0
1
1
0
1
1
1
1
1
1
1
1
1
1
0
1
0
1
1
1
1
1
1
1
1
1
1
1
1
1
1
1
1
0
1
1
1
1
1
1
1
1
1
1
1
1
1
1
1
1
1
1
1
1
1
1
1
1
1
1
1
1
1
1
1
1
1
1
1
1
1
1
1
1
1
0
1
1
1
1
0
1
1
0
1
1
1
1
1
1
1
1
1
0
0
1
1
1
1
0
1
1
1
1
0
0
0
1
1
1
1
0
0
0
1
1
1
1
0
0
0
1
1
1
1
0
0
0
1
1
1
1
0
0
0
1
1
1
1
0
0
0
0
1
0
0
0
0
0
0
0
0
0
0
0
0
0
0
0
0
0
0
0
0
0
0
0
0
0
0
0
0
0
0
0
0
0
0
0
0
0
0
0
0
0
0
0
0
0
0
0
0
0
0
0
0
0
0
0
0
1
0
1
1
1
1
0
1
1
1
1
1
1
1
1
1
1
1
0
1
1
0
1
1
1
1
1
1
1
1
1
1
1
1
1
1
1
1
1
1
0
1
1
0
1
1
1
1
1
1
1
1
1
1
1
1
1
1
1
1
1
1
1
1
1
1
1
1
1
1
1
1
1
1
1
1
1
1
1
0
1
1
1
0
0
1
0
1
1
0
1
1
1
1
1
1
1
1
1
0
1
1
1
1
1
1
1
1
0
1
0
0
0
1
1
1
0
1
0
0
1
1
1
0
1
0
0
1
1
1
0
1
0
0
1
1
1
0
1
0
0
1
1
1
0
1
0
0
1
0
0
0
0
0
0
0
0
0
0
0
0
0
0
0
0
0
0
0
0
0
0
0
0
0
0
0
0
0
0
0
0
0
0
0
0
0
0
0
0
0
0
0
0
0
0
0
0
0
0
0
0
0
0
0
0
0
0
0
1
0
1
1
1
1
0
1
1
1
1
1
1
1
1
1
1
1
1
1
1
0
1
1
1
1
0
1
1
1
1
1
1
1
1
1
1
1
1
1
1
0
1
1
0
1
1
1
1
1
1
1
1
1
1
1
1
1
1
1
1
1
1
1
1
1
1
1
1
1
1
1
1
1
1
1
1
1
1
1
1
1
1
0
1
1
0
0
0
1
1
1
1
1
1
1
1
1
1
1
1
1
1
1
1
0
1
1
1
1
1
1
1
1
1
1
1
1
1
1
1
0
1
1
0
1
1
1
1
0
0
0
1
1
1
0
0
0
1
1
1
0
0
0
1
1
1
0
0
0
1
1
1
0
0
0
1
1
1
0
0
0
1
0
0
0
0
0
0
0
0
0
0
0
0
0
0
0
0
0
0
0
0
0
0
0
0
0
0
0
0
0
0
0
0
0
0
0
0
0
0
0
0
0
0
0
0
0
0
0
0
0
0
0
1
0
1
1
1
1
1
1
1
1
1
1
1
1
1
1
1
1
1
1
1
1
1
1
1
1
1
1
1
1
0
1
1
0
0
1
1
1
1
1
1
1
1
1
1
1
1
1
1
1
1
1
1
1
1
1
1
1
1
1
1
1
1
1
1
1
1
1
1
0
1
1
0
0
1
1
1
1
1
1
1
1
1
1
1
1
1
1
1
1
1
1
1
1
1
1
1
1
1
1
1
1
1
1
1
1
1
1
1
1
1
1
1
1
1
1
1
1
1
1
1
0
1
0
1
1
1
1
1
0
1
0
0
0
1
1
1
1
1
0
0
0
1
1
1
1
1
0
0
0
1
1
1
1
1
0
0
0
1
1
1
1
1
0
0
0
1
1
1
1
1
0
0
0
1
1
0
0
0
0
0
0
0
0
0
0
0
0
0
0
0
0
0
0
0
0
0
0
0
0
0
0
0
0
0
0
0
0
0
0
0
0
0
0
0
0
0
0
0
0
0
0
1
1
1
1
1
1
1
1
1
1
1
1
1
1
1
1
1
1
1
1
1
1
1
1
1
1
1
1
1
1
1
1
1
1
1
1
0
1
1
1
1
1
1
1
1
1
1
1
1
1
1
1
1
1
1
1
1
1
1
1
1
1
1
1
1
1
1
1
1
1
1
1
1
1
1
1
1
1
1
1
1
1
1
1
1
1
1
1
1
1
1
1
1
1
1
1
1
1
1
1
1
1
1
1
1
1
1
1
1
1
1
1
1
1
1
1
0
1
0
1
0
1
1
0
0
1
0
0
0
0
1
1
0
1
0
0
0
0
1
1
0
1
0
0
0
0
1
1
0
1
0
0
0
0
1
1
0
1
0
0
0
0
1
1
0
1
0
0
0
0
0
1
0
0
0
0
0
0
0
0
0
0
0
0
0
0
0
0
0
0
0
0
0
0
0
0
0
0
0
0
0
0
0
0
0
0
0
0
0
0
0
0
0
0
0
0
0
0
1
0
1
1
1
1
0
1
1
1
1
1
1
1
1
1
1
1
1
1
1
1
1
1
1
1
1
0
1
1
1
1
1
0
1
0
1
0
0
1
1
1
0
1
1
1
1
1
1
1
1
0
1
1
0
0
1
1
1
1
1
1
1
1
1
1
1
1
1
1
1
1
1
1
1
1
1
1
1
1
1
1
1
1
1
1
1
1
1
1
1
1
1
1
1
1
1
1
1
1
1
1
1
1
1
1
1
1
1
1
1
1
1
1
1
1
1
1
0
1
0
1
1
1
1
0
0
0
1
1
1
0
0
0
1
1
1
0
0
0
1
1
1
0
0
0
1
1
1
0
0
0
1
1
1
0
0
0
1
0
0
0
0
0
0
0
0
0
0
0
0
0
0
0
0
0
0
0
0
0
0
0
0
0
0
0
0
0
0
0
0
0
0
0
0
0
0
0
0
0
0
0
0
0
0
0
0
0
1
0
1
1
1
1
0
1
1
1
1
1
1
1
0
1
1
0
1
0
1
1
1
1
1
1
1
1
1
0
1
1
1
0
1
0
0
0
1
1
1
1
1
1
1
1
1
1
1
1
1
1
1
1
1
1
1
0
1
0
1
0
1
1
1
1
1
1
1
1
1
1
1
1
1
0
1
1
1
1
1
1
1
1
1
1
1
1
1
1
1
1
1
1
1
0
1
1
0
1
1
1
1
1
0
1
0
0
0
1
1
1
1
1
1
1
1
1
1
1
1
1
1
1
1
1
1
1
1
1
1
1
0
0
0
0
0
1
1
1
0
0
0
0
1
1
1
0
0
0
0
1
1
1
0
0
0
0
1
1
1
0
0
0
0
1
1
1
0
0
0
0
1
0
0
0
0
0
0
0
0
0
0
0
0
0
0
0
0
0
0
0
0
0
0
0
0
0
0
0
0
0
0
0
0
0
0
0
0
0
0
0
0
0
0
0
0
0
0
0
0
0
0
0
0
0
0
0
1
0
0
1
1
1
1
1
1
1
1
1
1
1
1
1
1
1
0
1
1
0
1
1
1
1
1
1
1
1
1
1
1
1
1
1
1
1
1
1
1
1
1
1
0
0
1
1
1
1
1
1
1
1
1
1
1
1
1
1
1
1
1
1
1
1
0
1
1
1
1
1
1
1
1
1
1
1
1
1
1
1
1
1
1
1
1
1
1
1
1
1
1
1
0
0
1
1
1
1
1
1
1
1
1
1
1
1
1
1
1
1
1
1
1
1
0
1
1
1
1
0
1
0
1
1
0
0
0
1
0
1
1
0
0
0
1
0
1
1
0
0
0
1
0
1
1
0
0
0
1
0
1
1
0
0
0
1
0
1
1
0
0
0
0
1
0
0
0
0
0
0
0
0
0
0
0
0
0
0
0
0
0
0
0
0
0
0
0
0
0
0
0
0
0
0
0
0
0
0
0
0
0
0
0
0
0
0
0
0
0
0
0
0
0
0
0
0
0
0
0
0
1
1
1
1
1
1
0
0
1
1
0
0
1
1
1
1
1
1
1
1
1
1
1
1
1
1
0
0
1
1
1
1
1
1
1
1
1
1
1
1
1
1
1
1
1
1
1
1
1
1
1
1
1
1
1
1
0
1
1
1
1
0
0
1
1
1
1
1
1
1
1
1
1
1
1
1
1
1
1
1
1
1
1
1
1
1
1
1
1
1
1
0
1
1
0
0
1
1
1
1
1
1
1
0
0
1
1
1
1
1
1
1
1
1
0
1
1
1
1
1
1
1
0
1
0
1
0
1
0
0
1
0
1
1
0
0
0
0
0
0
1
0
1
1
0
0
0
0
0
0
1
0
1
1
0
0
0
0
0
0
1
0
1
1
0
0
0
0
0
0
1
0
1
1
0
0
0
0
0
0
1
0
1
1
0
0
0
0
0
0
0
1
0
0
0
0
0
0
0
0
0
0
0
0
0
0
0
0
0
0
0
0
0
0
0
0
0
0
0
0
0
0
0
0
0
0
0
0
0
0
0
0
0
0
0
0
0
0
0
0
0
0
0
0
0
0
0
1
0
0
1
1
1
1
1
1
1
1
1
1
1
1
1
1
1
1
1
1
1
1
1
1
1
1
1
1
1
1
1
1
1
1
1
1
1
1
1
1
1
1
1
1
1
1
1
1
1
1
1
1
1
1
1
1
1
1
1
1
1
1
1
1
1
1
1
1
1
1
1
1
1
1
1
1
1
1
1
1
1
1
1
1
1
1
1
1
1
1
1
1
1
1
1
1
1
1
1
1
1
1
1
0
1
1
1
1
1
1
1
1
1
0
0
1
0
1
1
0
0
0
0
0
0
1
0
1
1
0
0
0
0
0
0
1
0
1
1
0
0
0
0
0
0
1
0
1
1
0
0
0
0
0
0
1
0
1
1
0
0
0
0
0
0
1
0
1
1
0
0
0
0
0
0
0
1
0
0
0
0
0
0
0
0
0
0
0
0
0
0
0
0
0
0
0
0
0
0
0
0
0
0
0
0
0
0
0
0
0
0
0
0
0
0
0
0
0
0
0
0
0
0
0
0
0
0
0
1
1
1
1
1
1
0
0
1
1
1
1
1
1
1
1
1
1
1
1
1
1
1
1
1
1
1
1
1
1
1
1
1
1
1
1
1
1
1
1
1
1
1
1
1
1
1
1
0
1
1
1
1
1
1
1
0
1
1
1
1
1
1
1
1
1
1
1
1
1
1
1
1
1
1
1
1
1
1
1
1
1
1
1
1
1
1
1
1
1
1
1
1
1
1
1
1
1
1
0
1
0
1
0
0
0
1
0
1
1
0
0
0
0
0
0
1
0
1
1
0
0
0
0
0
0
1
0
1
1
0
0
0
0
0
0
1
0
1
1
0
0
0
0
0
0
1
0
1
1
0
0
0
0
0
0
1
0
1
1
0
0
0
0
0
0
0
1
0
0
0
0
0
0
0
0
0
0
0
0
0
0
0
0
0
0
0
0
0
0
0
0
0
0
0
0
0
0
0
0
0
0
0
0
0
0
0
0
0
0
0
0
0
0
0
1
1
1
1
1
0
0
1
1
1
1
1
1
1
1
1
1
1
1
1
1
1
1
1
1
1
1
1
1
1
1
1
1
1
1
0
1
1
1
0
0
1
1
0
1
1
0
0
1
1
1
1
1
1
1
1
1
1
1
1
1
1
1
1
1
1
1
1
1
1
1
1
1
1
1
1
1
1
1
1
1
1
1
1
1
1
1
1
1
0
1
0
1
0
1
0
1
0
0
0
1
0
1
1
0
0
0
0
0
0
0
0
0
0
1
0
1
1
0
0
0
0
0
0
0
0
0
0
1
0
1
1
0
0
0
0
0
0
0
0
0
0
1
0
1
1
0
0
0
0
0
0
0
0
0
0
1
0
1
1
0
0
0
0
0
0
0
0
0
0
1
0
1
1
0
0
0
0
0
0
0
0
0
0
0
1
0
0
0
0
0
0
0
0
0
0
0
0
0
0
0
0
0
0
0
0
0
0
0
0
0
0
0
0
0
0
0
0
0
0
0
0
0
0
0
0
0
0
0
0
1
0
1
1
1
1
0
1
1
1
1
1
0
1
1
1
1
1
1
1
1
1
1
1
1
1
1
1
1
1
0
1
1
1
1
1
1
1
1
1
1
1
1
1
1
1
1
1
1
1
1
1
1
1
1
1
1
1
1
1
1
1
1
1
1
1
1
1
1
1
1
1
1
1
1
1
1
0
1
0
0
0
0
1
0
0
1
0
1
0
0
0
0
0
0
0
0
0
0
1
0
0
1
0
1
0
0
0
0
0
0
0
0
0
0
1
0
0
1
0
1
0
0
0
0
0
0
0
0
0
0
1
0
0
1
0
1
0
0
0
0
0
0
0
0
0
0
1
0
0
1
0
1
0
0
0
0
0
0
0
0
0
0
1
0
0
1
0
1
0
0
0
0
0
0
0
0
0
0
0
0
1
0
0
0
0
0
0
0
0
0
0
0
0
0
0
0
0
0
0
0
0
0
0
0
0
0
0
0
0
0
0
0
0
0
0
1
0
1
1
1
1
0
1
1
1
1
1
0
1
0
1
1
1
1
1
0
1
0
1
1
1
1
1
0
1
0
1
1
1
1
1
0
1
0
1
1
1
1
1
0
1
0
1
1
1
1
1
1
0
1
0
0
0
0
1
0
0
1
0
1
0
0
0
0
0
0
0
0
0
0
0
0
0
0
0
0
0
0
0
0
0
0
0
0
0
0
0
1
0
0
1
0
1
0
0
0
0
0
0
0
0
0
0
0
0
0
0
0
0
0
0
0
0
0
0
0
0
0
0
1
0
0
1
0
1
0
0
0
0
0
0
0
0
0
0
0
0
0
0
0
0
0
0
0
0
0
0
0
0
0
0
1
0
0
1
0
1
0
0
0
0
0
0
0
0
0
0
0
0
0
0
0
0
0
0
0
0
0
0
0
0
0
0
1
0
0
1
0
1
0
0
0
0
0
0
0
0
0
0
0
0
0
0
0
0
0
0
0
0
0
0
0
0
0
0
1
0
0
1
0
1
0
0
0
0
0
0
0
0
0
0
0
0
0
0
0
0
0
0
0
0
0
0
0
0
0
0
0
0
1
0
0
0
0
0
0
0
0
0
0
0
0
0
0
0
0
0
0
0
0
0
0
0
0
0
0
0
0
0
1
1
1
1
1
1
1
1
1
1
1
1
1
0
1
1
1
1
1
0
1
1
1
0
1
1
1
1
1
0
1
1
0
1
1
0
1
1
1
0
0
0
1
1
1
1
0
0
0
0
0
0
0
0
0
1
0
0
0
0
0
0
1
1
0
0
0
1
1
0
1
1
0
1
1
0
0
0
1
1
0
1
0
0
0
0
1
0
0
0
0
0
0
0
0
0
0
0
0
0
0
0
0
0
0
0
0
0
0
0
0
0
0
0
0
0
0
0
0
0
0
0
0
0
0
0
0
0
0
0
0
0
0
0
0
0
0
0
0
0
0
0
0
0
0
0
0
0
0
0
0
0
0
0
0
0
0
0
0
0
0
0
0
0
0
0
0
0
0
0
0
0
0
0
0
0
0
0
0
0
0
0
0
0
0
0
0
0
0
0
0
0
0
0
0
0
0
0
0
0
0
0
0
0
0
0
0
0
0
0
0
0
0
0
0
0
0
0
0
0
0
0
0
0
0
0
0
0
0
0
0
)
;
}
)

// ************************************************************************* //
