/*--------------------------------*- C++ -*----------------------------------*\
  =========                 |
  \\      /  F ield         | OpenFOAM: The Open Source CFD Toolbox
   \\    /   O peration     | Website:  https://openfoam.org
    \\  /    A nd           | Version:  9
     \\/     M anipulation  |
\*---------------------------------------------------------------------------*/
FoamFile
{
    format      ascii;
    class       faceSet;
    location    "constant/polyMesh/sets";
    object      concaveFaces;
}
// * * * * * * * * * * * * * * * * * * * * * * * * * * * * * * * * * * * * * //


630
(
1638574 
1016108 
1573198 
2032333 
1082100 
1082101 
1082119 
1606434 
1606457 
1606462 
1606663 
1246241 
1246242 
1246255 
2032740 
1606916 
1606939 
2032964 
1246598 
1115777 
1607668 
1116295 
1607887 
1083641 
1083711 
2034044 
1608070 
1608075 
1116566 
2099616 
2100004 
2067249 
2067380 
1215482 
1248258 
2034771 
2067561 
1084705 
1084713 
1248660 
2002374 
2067947 
1609231 
2067993 
2068066 
2068144 
2068159 
2068191 
1609459 
1216253 
1609535 
1609609 
1609637 
2068441 
1216507 
1216508 
1183792 
2068539 
1118267 
1118268 
1642578 
1118297 
1183890 
1577479 
1118751 
1118752 
1118765 
2069061 
1643159 
2069209 
1577721 
1577848 
1676365 
2069596 
2069630 
2069755 
1250562 
1250575 
1185075 
1185076 
1185089 
1185092 
1643874 
2069925 
2069946 
1578473 
1611244 
1185278 
2070053 
1611321 
2070256 
2004866 
2004991 
1087828 
2070870 
2070968 
2071076 
2071397 
2038664 
2038665 
2071481 
2038830 
2038834 
2071652 
2038965 
2071781 
2071852 
2039174 
2071956 
2039210 
1089101 
2072162 
2072170 
2072387 
2072421 
1646456 
2072514 
1089480 
2072702 
2039999 
1220851 
2072831 
1220863 
1220864 
2105641 
2072974 
1024451 
2073067 
1647174 
1254015 
1057561 
1057562 
1614803 
2073609 
1647669 
2073695 
1615032 
1647803 
2073873 
1090904 
1090905 
1222062 
2074055 
1615305 
1091034 
2074125 
2074182 
2074186 
2074196 
1091216 
2074353 
1615725 
2074533 
2074548 
2074565 
1615835 
2074597 
1583099 
1583106 
2074702 
2074748 
2074768 
2074783 
2074792 
2074884 
2074892 
2074916 
2074955 
1091923 
1091924 
2074968 
2074982 
2074990 
2075005 
2075017 
2075054 
2075099 
2075107 
2075123 
2075137 
2075154 
2075174 
2075187 
2075210 
2075227 
2075311 
2075332 
2075358 
2075376 
1583913 
1583935 
1583942 
2075466 
2075540 
2075541 
2075663 
2075695 
1223915 
2076023 
2076026 
1256870 
1650132 
1256922 
1650158 
1224181 
1256999 
1224466 
2076469 
2076519 
1257347 
1191927 
1650753 
2076743 
1585224 
1650834 
1192207 
2076971 
2076972 
1683814 
2077046 
2077076 
2077188 
1094200 
1192565 
1192566 
2077340 
2077389 
1258228 
1291083 
1225622 
1586086 
2077639 
2012103 
2012192 
1225772 
2077745 
1258562 
1586308 
1225875 
2077920 
2077928 
2077948 
2077991 
1062236 
2078065 
2078069 
2078071 
1062301 
1586794 
2078368 
2078385 
2078402 
2078494 
2078512 
2078597 
1685536 
2078774 
2078792 
2078819 
2078858 
2078919 
2079003 
2079021 
1685833 
2079066 
2079094 
2079115 
2079135 
1653312 
2079356 
2079369 
2079507 
2079514 
2079523 
2079657 
1096674 
2079730 
1096714 
1096792 
2079835 
1719413 
2079899 
2079982 
1621313 
2080102 
1097078 
1097096 
2080276 
2080278 
2080279 
1064521 
2080597 
2080652 
1589274 
1589343 
2080895 
2080899 
2080953 
2080955 
2080967 
2081008 
2081019 
2081029 
2081052 
1098024 
1098025 
1098038 
1622375 
1229176 
2081174 
2081184 
2081196 
1098162 
1098167 
2081242 
2081246 
1098211 
1098212 
999920 
1098229 
2081374 
2081375 
2081394 
1098380 
1098401 
2081524 
1033105 
1098646 
2081695 
2081710 
2081715 
2081727 
2081729 
2081752 
1000476 
2081988 
2114796 
2082038 
2082178 
2082213 
2082220 
2082221 
2082243 
2082249 
2082279 
2082288 
1623547 
2082311 
2082326 
1623634 
1132459 
2082801 
1624070 
1722387 
2050080 
1067058 
1067062 
968885 
2083021 
2083026 
2083035 
1067280 
2083130 
2083133 
2083140 
2083147 
1034630 
2083251 
2083284 
2083424 
2083433 
2083450 
1067737 
2083601 
2083613 
2083620 
2083639 
2083648 
2083810 
2083815 
2083822 
1035304 
2083962 
2083968 
2083969 
1592481 
2084005 
2084010 
1592527 
1232157 
2084142 
2084151 
2084161 
1101139 
2084187 
1068390 
2084265 
1068485 
1199562 
1199575 
1199576 
1625563 
1101282 
2084566 
2084575 
2084579 
1167075 
2084584 
2084589 
1101598 
2084689 
2084831 
2019298 
1626189 
2084964 
2084992 
2085071 
2085087 
2085093 
2085193 
2085198 
1594322 
1627196 
1168570 
2086079 
2086144 
2086309 
1201576 
1037736 
2086315 
2086328 
972420 
2086534 
1201812 
2086561 
2086569 
2086570 
2086571 
2086582 
2086587 
2086601 
1234715 
1627958 
2054099 
2086930 
2086936 
2086942 
2086952 
2086967 
2086989 
2087006 
2087020 
2087030 
1038530 
2087461 
2087468 
2087471 
2087495 
1170011 
2087526 
2087529 
2087577 
1170098 
1694616 
2087894 
2087902 
2087918 
2087923 
2087942 
2087952 
2087968 
2087970 
1104982 
2088025 
973974 
2088269 
2088286 
2088294 
2022766 
2088330 
2022795 
1171010 
2088543 
2088544 
1072870 
1072892 
2088742 
2088746 
2088750 
2088755 
2088757 
2088768 
2088797 
2088918 
2088921 
2088940 
2088950 
1171574 
1073355 
1073681 
1237545 
1237546 
1204789 
1237559 
1237561 
2024152 
2024216 
1074036 
1074037 
1074050 
1041377 
1074195 
1041429 
2024527 
2024595 
2024639 
2024694 
2024699 
2024716 
2024725 
2024751 
2024860 
2024957 
1631762 
2024989 
2090608 
2025101 
2025109 
2025202 
2025221 
2025370 
2025383 
2025388 
2025390 
1042374 
2025450 
2025471 
2025480 
2025648 
2025650 
2025653 
1632441 
2025689 
2025753 
2025816 
2026031 
2026038 
2026078 
2026134 
1600187 
1600206 
2026258 
2026299 
2026333 
2026348 
1633166 
2026385 
2026401 
2026428 
2026430 
2026452 
1633266 
1174522 
1633323 
1633449 
2026753 
1600772 
2026879 
2027005 
2027168 
2027319 
2027417 
1241036 
2027538 
2027635 
2028087 
2028158 
2028163 
2028181 
2028255 
2028266 
2028416 
2028418 
2028441 
1602512 
2028554 
2028558 
2028583 
2028599 
2028611 
980075 
2094189 
2028654 
1242255 
1242256 
2028714 
2028746 
2028790 
2028849 
2028952 
1701275 
2028973 
2028986 
2029046 
2029052 
2029098 
2029168 
2029209 
2029240 
1636774 
2030021 
1636891 
1636921 
1637038 
1637050 
1637121 
2030458 
1637291 
1571936 
1637572 
1670611 
1179296 
1179354 
1572573 
1081068 
1638180 
1244969 
1572732 
1638292 
1638351 
)

// ************************************************************************* //
