/*--------------------------------*- C++ -*----------------------------------*\
  =========                 |
  \\      /  F ield         | OpenFOAM: The Open Source CFD Toolbox
   \\    /   O peration     | Website:  https://openfoam.org
    \\  /    A nd           | Version:  7
     \\/     M anipulation  |
\*---------------------------------------------------------------------------*/
FoamFile
{
    version     2.0;
    format      ascii;
    class       regIOobject;
    location    "constant/polyMesh";
    object      faceZones;
}
// * * * * * * * * * * * * * * * * * * * * * * * * * * * * * * * * * * * * * //

1
(
faceMRFzone
{
    type faceZone;
faceLabels      List<label> 
4890
(
304790
304796
304799
304817
304829
305032
305034
305036
305040
305067
305073
305076
305279
305281
305283
305287
305308
305315
305318
305517
305519
305521
305525
305546
305553
305556
305758
305760
305762
305766
305787
305794
305797
305997
305999
306001
306005
306027
306033
306036
306235
306241
306247
306253
306259
306260
306261
306262
306268
321691
321697
321703
321706
321724
321733
321739
321745
321933
321935
321986
321989
322176
322178
322224
322227
322415
322417
322463
322466
322654
322656
322702
322705
322894
322896
322942
322945
323142
323149
323155
323160
323166
323172
323173
323174
323175
323182
323187
323193
338782
338788
338794
338800
338803
338821
338830
338836
338842
338844
339102
339357
339615
339871
340128
340319
340326
340332
340338
340343
340349
340355
340356
340357
340358
340365
340371
340377
340382
356059
356073
356079
356085
356088
356106
356115
356121
356124
356132
356133
356134
356135
356412
356415
357604
357610
357611
357612
357613
357619
357626
357632
357637
357643
357649
357650
357651
357652
357659
357664
357670
357676
357682
357683
357684
357685
357691
374256
374258
374280
374291
374295
374309
374312
374318
374344
374527
374790
375013
375212
375435
375674
375676
375677
375683
375684
375685
375686
375692
375693
375694
375695
375701
375702
375703
375704
375710
375716
375725
375730
375731
375732
375737
375743
375749
375755
375761
375762
375763
375764
375770
375771
375772
375773
392891
392897
392901
392924
392933
392939
392945
392964
392965
392966
392967
392978
392984
393158
393253
393428
393496
393671
393710
393885
393953
394128
394208
394375
394380
394386
394392
394398
394399
394400
394401
394407
394408
394409
394410
394423
394429
394434
394440
394446
394447
394448
394449
394455
394456
394457
394458
394464
394465
394466
394467
394474
411990
411996
412002
412008
412014
412023
412029
412035
412041
412047
412053
412062
412068
412074
412079
412236
412342
412345
412503
412600
412603
412761
412810
412813
412971
413050
413053
413211
413302
413305
413470
413476
413482
413487
413493
413503
413508
413514
413521
413527
413533
413538
429995
430001
430007
430013
430016
430025
430031
430037
430043
430046
430055
430061
430067
430073
430078
430237
430334
430494
430591
430751
430802
430962
431041
431201
431286
431452
431458
431464
431469
431475
431485
431490
431496
431503
431509
431515
431520
448051
448057
448060
448066
448087
448093
448099
448105
448109
448121
448132
448138
448313
448403
448405
448580
448663
448665
448840
448889
448891
449066
449139
449141
449316
449389
449391
449558
449563
449569
449575
449581
449587
449588
449589
449590
449602
449606
449610
449622
449623
449624
449625
449631
449632
449633
449634
449640
449647
466685
466692
466721
466724
466731
466742
466746
466766
466767
466768
466769
466779
466954
466956
466958
467045
467049
467050
467051
467225
467226
467229
467285
467293
467294
467295
467462
467464
467466
467492
467663
467665
467667
467720
467891
467893
467895
467962
467967
467968
467969
468141
468147
468153
468159
468160
468161
468162
468168
468169
468170
468171
468177
468178
468179
468180
468186
468198
468204
468216
468222
468228
468229
468230
468231
468237
468238
468239
468240
468246
468247
468248
468249
485970
485979
485985
485988
486006
486015
486021
486024
487418
487424
487425
487426
487427
487433
487434
487435
487436
487443
487449
487454
487460
487466
487467
487468
487469
487476
487481
487487
487493
487499
487500
487501
487502
487507
487508
487509
504069
504070
504071
504072
504084
504090
504096
504102
504105
504123
504132
504138
504144
504150
504335
504339
504423
504425
504602
504605
504676
504852
504855
504933
505109
505112
505193
505369
505373
505450
505625
505630
505631
505632
505638
505644
505650
505656
505661
505667
505673
505674
505675
505676
505683
505689
505695
505700
521248
521254
521260
521266
521269
521287
521296
521302
521308
521506
521509
521566
521568
521769
521772
521824
521826
521830
521831
521832
522025
522028
522080
522082
522086
522087
522088
522281
522284
522336
522338
522543
522546
522598
522600
522798
522804
522810
522816
522821
522827
522833
522834
522835
522836
522843
522849
522855
538393
538400
538406
538409
538427
538436
538441
538646
538649
538696
538697
538699
538895
538898
538940
538941
538943
539145
539148
539190
539191
539193
539397
539400
539442
539443
539445
539639
539642
539684
539685
539687
539892
539898
539904
539909
539915
539921
539922
539923
539924
539931
539937
555410
555411
555633
555639
555645
555646
555653
555658
555663
555666
555868
555874
555880
555881
555888
555893
555896
556094
556100
556106
556107
556114
556119
556122
556320
556326
556332
556333
556340
556345
556348
556554
556560
556566
556567
556574
556579
556582
556797
556802
556809
556814
556821
556828
858380
858386
858391
858409
858414
858420
858437
858443
858461
858467
858484
858490
858508
858514
858531
858537
858555
858561
858579
858584
858585
858590
858591
858610
858614
858615
858620
858621
858706
858717
858728
858745
858760
858770
858853
858864
858875
858892
858904
858914
858965
858966
858977
858987
858992
859002
859063
859079
859082
859092
859303
859304
859310
859320
859321
859327
859328
859331
859341
859342
859347
859370
859381
859392
859409
859421
859431
859442
859449
859450
859464
859469
859481
859483
859484
859513
859561
860290
860292
860306
860317
860322
860328
860352
860366
860372
860387
860398
860409
860426
860438
860448
860464
860487
860497
860505
860510
860516
860521
860535
860797
860807
860809
860811
860824
860828
860829
861135
861144
861158
861161
861163
861174
861178
861179
861385
861393
861407
861409
861411
861424
861425
861428
861429
861432
861438
861454
861469
861481
861489
861495
861514
861524
861530
861558
861565
861575
861597
861623
861629
861645
861674
861680
861696
861716
861726
861749
861754
861760
861768
861777
861783
861791
861811
861821
861831
861852
861866
861869
861871
861873
861875
861876
861879
861880
862447
862475
862478
862484
862498
862513
862523
862534
862540
862549
862559
862565
862573
862587
862597
862615
862644
862655
863898
863918
863924
863953
863979
863989
864678
864694
864708
864731
864736
864742
864753
864761
864767
864776
864786
864792
864811
864821
864827
864855
864863
864873
865228
865230
865231
865246
865259
865566
865579
865586
865818
865820
865821
865826
865830
865841
865848
865878
865883
865889
865897
865902
865908
865916
865930
865940
865962
865987
865998
866016
866026
866037
866063
866073
866083
866106
866129
866132
866146
866164
866175
866185
866192
866198
866213
866227
866233
866252
866254
866260
866261
866267
866270
866279
866461
866464
866649
867234
867248
867249
867252
867257
867268
867274
867291
867316
867330
867343
867354
867365
867382
867394
867404
867423
867446
867449
867463
867480
867491
867510
867511
867514
867602
867646
867658
867669
867724
867761
867799
867835
867873
867909
867947
867991
868030
868033
868051
868061
868062
868068
868070
868082
868093
868104
868121
868133
868143
868150
868270
868281
868292
868309
868321
868331
868406
868417
868431
868448
868460
868470
868523
868527
868553
868558
868583
868606
868612
868634
868657
868663
868685
868708
868714
868735
868737
868740
868763
868766
868768
868771
870428
870430
870446
870451
870479
870484
870524
870528
870532
870534
870537
870541
870544
870546
870563
870568
870570
870572
870575
870580
870582
870584
870601
870606
870608
870610
870613
870618
870620
870622
870639
870644
870646
870648
870651
870656
870658
870660
870696
870700
870703
870705
870707
870708
870711
870715
870717
870738
870890
870907
870910
870928
871055
871068
871071
871125
871126
871130
871143
871148
871151
871158
871159
871160
871161
871168
871176
871208
871271
871276
871279
871286
871296
871297
871298
871299
871318
871320
871371
871529
871538
871543
871552
871710
871719
871724
871733
871893
871901
871906
871914
871957
871972
871980
872058
872075
872077
872085
872098
872101
872141
872195
872227
872228
872229
872230
872264
872321
872344
872420
873316
873332
873344
873351
873362
873365
873379
873396
873397
873449
873459
873478
873481
873486
873488
873491
873506
873512
873574
873621
873641
873670
873671
873672
873673
873694
873697
873713
873739
873745
873760
873780
873896
873905
873939
873941
873958
873962
873964
873970
873972
873975
874295
874304
874306
874308
874321
874323
874326
874509
874516
874530
874533
874535
874545
874547
874550
874607
874621
874627
874664
874677
874685
874858
874888
874891
874912
874921
874922
874923
874924
874964
875005
875055
875084
875106
875108
875814
875824
875826
875879
875889
875894
875905
875928
875932
876000
876009
876012
876743
876764
876767
876784
876806
876812
876825
876853
876858
876883
876895
876898
877037
877049
877055
877076
877088
877091
877505
877520
877521
877535
877549
877558
877720
877738
877747
877748
877749
877750
877816
877817
877818
877819
877855
877856
877857
877858
877884
877885
877886
877887
877908
877955
877975
878624
878641
878642
878709
878732
878742
878758
878784
878789
878860
878876
878885
879027
879033
879034
879037
879047
879050
879051
879064
879083
879084
879085
879086
879175
879204
879230
879236
879251
879269
879275
879276
879277
879278
879299
879319
879348
879349
879350
879351
879375
879378
879405
879468
879511
879525
879529
879532
879535
879536
879537
879538
879551
879554
879562
879778
879780
879781
879795
879803
879847
879888
879890
879891
879904
879913
879968
879976
879977
879978
880015
880016
880019
880030
880039
880225
880235
880240
880330
880341
880343
880362
880372
880374
880487
880489
880509
880510
880511
880512
880530
880556
880562
880597
880675
880678
880709
880763
880765
880848
880849
880860
880861
881032
881038
881039
881103
881109
881184
881190
881265
881271
881635
881640
881646
881647
881697
881710
881713
881721
881732
881735
881744
881765
881767
881807
881808
881816
881866
881902
881906
881924
881937
881941
881944
881962
882023
882115
882125
882126
882128
882175
882183
882187
882189
882201
882221
882282
882294
882305
882460
882472
882483
882641
882650
882659
882774
882784
882786
882788
882809
882822
882825
882829
882836
882839
882844
882846
882852
882854
882855
882863
882864
882867
882877
882879
882947
883074
883087
883090
883108
883187
883199
883243
883249
883258
883266
883268
883275
883279
883307
883311
883348
883349
883352
883358
883359
883393
883395
883396
883400
883404
883407
883408
883437
883439
883440
883444
883448
883451
883452
883481
883483
883484
883488
883492
883495
883496
883526
883527
883530
883536
883537
883992
884038
884044
884049
884246
884249
884278
884285
884289
884605
884610
884618
884691
884696
884706
884957
884958
884967
884972
884980
885054
885059
885069
885071
885095
885132
885133
885140
885144
885146
885155
885329
885331
885332
885340
885351
885815
885821
885823
885831
885832
885836
886041
886042
886051
886061
886070
890398
890404
890405
890589
890598
890601
890655
890656
890866
890867
891068
891069
891089
891299
891304
891308
891313
891367
891483
891498
891551
891566
891619
891634
891687
892034
892070
892076
892080
892314
892320
892345
892352
892355
1001785
1001789
1001818
1001820
1001822
1001825
1001860
1001864
1001865
1001868
1001883
1001885
1001930
1001933
1001937
1001964
1001966
1001968
1001972
1001974
1001976
1001979
1002012
1002016
1002018
1002063
1002066
1002070
1002094
1002096
1002098
1002102
1002104
1002106
1002109
1002150
1002154
1002156
1002201
1002204
1002208
1002232
1002234
1002236
1002240
1002242
1002244
1002247
1002288
1002292
1002294
1002339
1002342
1002346
1002370
1002372
1002374
1002378
1002380
1002382
1002385
1002426
1002430
1002432
1002477
1002479
1002483
1002510
1002512
1002514
1002517
1002520
1002522
1002524
1002525
1002558
1002561
1002563
1002624
1002630
1002669
1002675
1006380
1006382
1006388
1006390
1006391
1006395
1006397
1006407
1006415
1006416
1006425
1006441
1006442
1006449
1006465
1006469
1006479
1006484
1006487
1006488
1006502
1006504
1006509
1006511
1006518
1006535
1006586
1006587
1006591
1006593
1006595
1006598
1006600
1006601
1006704
1006718
1006721
1006723
1006730
1006735
1006750
1006800
1006801
1006805
1006807
1006809
1006812
1006814
1006815
1006961
1006975
1006978
1006980
1006987
1006992
1007007
1007057
1007058
1007062
1007064
1007066
1007069
1007071
1007072
1007215
1007229
1007232
1007234
1007241
1007246
1007261
1007311
1007312
1007316
1007318
1007320
1007323
1007325
1007326
1007462
1007476
1007479
1007481
1007488
1007493
1007508
1007560
1007561
1007566
1007567
1007570
1007573
1007575
1007576
1007586
1007589
1007596
1007603
1007606
1007614
1007634
1007636
1007677
1007678
1007685
1007688
1007691
1007694
1007696
1007703
1007707
1007708
1007710
1007724
1007807
1007808
1007809
1007819
1007820
1007821
1007834
1007835
1007836
1012088
1012094
1012096
1012097
1012102
1012103
1012112
1012120
1012121
1012130
1012138
1012139
1012148
1012155
1012156
1012163
1012173
1012177
1012187
1012195
1012196
1012205
1012213
1012214
1012225
1012227
1012231
1012232
1012238
1012328
1012329
1012330
1012331
1012338
1012340
1012341
1012342
1012345
1012346
1012486
1012487
1012489
1012495
1012500
1012512
1012513
1012514
1012525
1012526
1012527
1012581
1012582
1012583
1012584
1012591
1012593
1012594
1012595
1012598
1012599
1012708
1012709
1012711
1012717
1012722
1012734
1012735
1012736
1012745
1012746
1012747
1012748
1012803
1012804
1012805
1012806
1012813
1012815
1012816
1012817
1012820
1012821
1012927
1012928
1012930
1012936
1012941
1012953
1012954
1012955
1012964
1012965
1012966
1012967
1013022
1013023
1013024
1013025
1013032
1013034
1013035
1013036
1013039
1013040
1013175
1013176
1013178
1013184
1013189
1013201
1013202
1013203
1013211
1013212
1013213
1013276
1013277
1013278
1013279
1013285
1013293
1013294
1013297
1013303
1013305
1013312
1013319
1013322
1013331
1013340
1013343
1013353
1013362
1013364
1013404
1013413
1013416
1013424
1013431
1013434
1013437
1013438
1013440
1013446
1013449
1013451
1013452
1013469
1013470
1013471
1013594
1013595
1013596
1013606
1013607
1013608
1013621
1013622
1013623
1017417
1017424
1017425
1017429
1017437
1017438
1017447
1017455
1017456
1017465
1017472
1017473
1017480
1017490
1017494
1017504
1017512
1017513
1017522
1017530
1017531
1017540
1017547
1017548
1017846
1017856
1017986
1017994
1018216
1018224
1018226
1018234
1018243
1018246
1018256
1018265
1018267
1018307
1018316
1018319
1018328
1018336
1018338
1018347
1018358
1018359
1018404
1018405
1018406
1018479
1018480
1018481
1018491
1018492
1018493
1018506
1018507
1018508
1018596
1018597
1018598
1021507
1021514
1021518
1021531
1021539
1021540
1021546
1021553
1021554
1021561
1021571
1021575
1021585
1021593
1021594
1021600
1021606
1021607
1021737
1022316
1022325
1022327
1022336
1022344
1022345
1022382
1022390
1022391
1022393
1022395
1022434
1022455
1022456
1022457
1022475
1022476
1022477
1022484
1022485
1022486
1022490
1022491
1022492
1022505
1022506
1022507
1022511
1022512
1022513
1022565
1022566
1022567
1022577
1022578
1022579
1022592
1022593
1022594
1022658
1022659
1022660
1022667
1022668
1022669
1022676
1022677
1022678
1022682
1022683
1022684
1022705
1022706
1022707
1026296
1026302
1026303
1026311
1026317
1026318
1026472
1026482
1026493
1026502
1026505
1026520
1026521
1026721
1026730
1026742
1026744
1026747
1026758
1026762
1026763
1026848
1026858
1026869
1026878
1026880
1026893
1026896
1026989
1026996
1027008
1027011
1027013
1027023
1027025
1027028
1027458
1027459
1027460
1027476
1027477
1027478
1027485
1027486
1027487
1027491
1027492
1027493
1027506
1027507
1027508
1027512
1027513
1027514
1027527
1027528
1027529
1027562
1027563
1027564
1027675
1027676
1027677
1027684
1027685
1027686
1027693
1027694
1027695
1027699
1027700
1027701
1027708
1027709
1027710
1027717
1027718
1027719
1027723
1027724
1027725
1027732
1027733
1027734
1027753
1027755
1031924
1031934
1031936
1031937
1031945
1031946
1031955
1031961
1031962
1031967
1031980
1031981
1031988
1031996
1031997
1032006
1032014
1032015
1032024
1032039
1032040
1032045
1032052
1032053
1032060
1032065
1032068
1032069
1032075
1032090
1032128
1032133
1032134
1032138
1032140
1032238
1032243
1032248
1032263
1032301
1032306
1032307
1032311
1032313
1032525
1032530
1032535
1032550
1032588
1032593
1032594
1032598
1032600
1032737
1032742
1032747
1032762
1032800
1032805
1032806
1032810
1032812
1032971
1032976
1032981
1032996
1033034
1033039
1033040
1033044
1033045
1033052
1033058
1033060
1033077
1033087
1033106
1033107
1033111
1033114
1033116
1033117
1033130
1033214
1033215
1033216
1033226
1033227
1033228
1033235
1033236
1033237
1033245
1033246
1033247
1033257
1033258
1033259
1033381
1033382
1033383
1033397
1033398
1033399
1033403
1033404
1033405
1033414
1033415
1033416
1033423
1033424
1033425
1039462
1039465
1039475
1039479
1039486
1039494
1039495
1039504
1039512
1039513
1039522
1039530
1039531
1039540
1039553
1039554
1039561
1039577
1039578
1039582
1039590
1039591
1039600
1039608
1039609
1039618
1039626
1039627
1039636
1039644
1039645
1039654
1039670
1039671
1039675
1039688
1039689
1039696
1039704
1039705
1039714
1039722
1039723
1039732
1039740
1039741
1039753
1039759
1039765
1039803
1039809
1039815
1040066
1040071
1040076
1040114
1040120
1040126
1040301
1040306
1040311
1040349
1040355
1040361
1040421
1040426
1040431
1040469
1040475
1040481
1040592
1040597
1040602
1040640
1040645
1040646
1040652
1040658
1040665
1040672
1040675
1040684
1040693
1040696
1040704
1040712
1040714
1040741
1040749
1040757
1040769
1040778
1040781
1040790
1040799
1040802
1040810
1040817
1040820
1040824
1040829
1040834
1040836
1047601
1047604
1047614
1047618
1047624
1047625
1047633
1047634
1047643
1047651
1047652
1047661
1047669
1047670
1047676
1047682
1047683
1047694
1047702
1047703
1047712
1047720
1047721
1047730
1047738
1047739
1047748
1047755
1047756
1047763
1047770
1047774
1047784
1047792
1047793
1047799
1047807
1047808
1047817
1047825
1047826
1047838
1047844
1047850
1047852
1047888
1047894
1047899
1047900
1047906
1048131
1048136
1048141
1048143
1048179
1048185
1048190
1048191
1048197
1048357
1048362
1048367
1048369
1048405
1048411
1048416
1048417
1048423
1048499
1048504
1048509
1048511
1048547
1048553
1048558
1048559
1048565
1048635
1048640
1048645
1048647
1048683
1048688
1048689
1048694
1048695
1048700
1048701
1048708
1048715
1048718
1048727
1048735
1048737
1048744
1048754
1048755
1048764
1048768
1048774
1048781
1048792
1048803
1048805
1048813
1048821
1048823
1048830
1048837
1048840
1048844
1048849
1048854
1048855
1048856
1055404
1055414
1055417
1055425
1055426
1055432
1055438
1055439
1055447
1055460
1055464
1055477
1055485
1055486
1055492
1055500
1055501
1055507
1055513
1055514
1055525
1055532
1055533
1055543
1055548
1055551
1055552
1055556
1055608
1055613
1055618
1055701
1055709
1055718
1055773
1055778
1055783
1056011
1056019
1056030
1056080
1056085
1056090
1056212
1056220
1056228
1056281
1056286
1056291
1056476
1056484
1056493
1056551
1056556
1056561
1056569
1056574
1056575
1056585
1056590
1056600
1056604
1056613
1056614
1056621
1056626
1056627
1056628
1056715
1056716
1056717
1056724
1056725
1056726
1056733
1056734
1056735
1056739
1056740
1056741
1056748
1056749
1056750
1056758
1056759
1056760
1056764
1056765
1056766
1056907
1056908
1056909
1056917
1056918
1056919
1056923
1056924
1056925
1056940
1056941
1056942
1056946
1056947
1056948
1056961
1056962
1056963
1063514
1063520
1063521
1063526
1063532
1063533
1063889
1063890
1063898
1063903
1063993
1063994
1064009
1064012
1064303
1064304
1064315
1064316
1064317
1064324
1064325
1064326
1064330
1064331
1064332
1064339
1064340
1064341
1064348
1064349
1064350
1064354
1064355
1064356
1064363
1064364
1064365
1064372
1064373
1064374
1064438
1064439
1064440
1064479
1064480
1064481
1064515
1064516
1064517
1064533
1064534
1064535
1064545
1064546
1064547
1064554
1064555
1064556
1064563
1064564
1064565
1064569
1064570
1064571
1064584
1064585
1064586
1064590
1064591
1064592
1064605
1064606
1064607
1064615
1064616
1068349
1068362
1068363
1068370
1068378
1068379
1068388
1068395
1068396
1068403
1068413
1068417
1068427
1068435
1068436
1068445
1068460
1068461
1069209
1069216
1069219
1069229
1069238
1069240
1069279
1069285
1069287
1069319
1069320
1069321
1069339
1069359
1069360
1069361
1069368
1069369
1069370
1069374
1069375
1069376
1069443
1069444
1069445
1069455
1069456
1069457
1069470
1069471
1069472
1069527
1069528
1069529
1069545
1069546
1069547
1069557
1069558
1069559
1069577
1072783
1072791
1072792
1072801
1072809
1072810
1072819
1072827
1072828
1072837
1072844
1072845
1072852
1072862
1072866
1072876
1072884
1072885
1072894
1072902
1072903
1072912
1072920
1072921
1072930
1072940
1072944
1072945
1072946
1072948
1072951
1072954
1072955
1072962
1073226
1073229
1073237
1073302
1073309
1073320
1073336
1073406
1073410
1073413
1073486
1073494
1073505
1073521
1073588
1073592
1073595
1073722
1073735
1073742
1073744
1073749
1073751
1073754
1073765
1073800
1073810
1073813
1073822
1073831
1073834
1073843
1073852
1073855
1073865
1073874
1073876
1073916
1073925
1073928
1073937
1073946
1073949
1073960
1073968
1073970
1074082
1074083
1074084
1074094
1074095
1074096
1074109
1074110
1074111
1074181
1074182
1074183
1077163
1077188
1077191
1077197
1077200
1077205
1077206
1077214
1077215
1077224
1077232
1077233
1077242
1077249
1077250
1077257
1077267
1077271
1077281
1077289
1077290
1077299
1077307
1077308
1077317
1077321
1077322
1077325
1077329
1077331
1077389
1077390
1077391
1077399
1077401
1077402
1077403
1077417
1077421
1077425
1077426
1077431
1077560
1077563
1077564
1077566
1077571
1077573
1077582
1077583
1077584
1077646
1077647
1077648
1077656
1077658
1077659
1077660
1077674
1077678
1077682
1077683
1077688
1077795
1077800
1077801
1077804
1077809
1077811
1077822
1077823
1077824
1077875
1077876
1077877
1077885
1077887
1077888
1077889
1077903
1077907
1077911
1077912
1077917
1078021
1078026
1078027
1078030
1078035
1078037
1078048
1078049
1078050
1078104
1078105
1078106
1078114
1078116
1078117
1078118
1078132
1078136
1078140
1078141
1078146
1078273
1078278
1078279
1078282
1078287
1078289
1078359
1078360
1078361
1078367
1078393
1078396
1078397
1078401
1078402
1078406
1078407
1078414
1078421
1078424
1078433
1078442
1078445
1078455
1078464
1078466
1078506
1078515
1078518
1078526
1078533
1078536
1078539
1078542
1078543
1078544
1078545
1078550
1078551
1078552
1078673
1078674
1078675
1078685
1078686
1078687
1078700
1078701
1078702
1082710
1082722
1082726
1082727
1082740
1082743
1082751
1082752
1082757
1082760
1082761
1082768
1082769
1082776
1082785
1082795
1082802
1082817
1082818
1082826
1082827
1082832
1082833
1082835
1082836
1082840
1082841
1082842
1082913
1082924
1082926
1082927
1082933
1082938
1082952
1082955
1082958
1082987
1083035
1083036
1083039
1083040
1083042
1083044
1083046
1083047
1083048
1083120
1083131
1083133
1083134
1083140
1083145
1083162
1083165
1083168
1083202
1083285
1083286
1083289
1083290
1083292
1083294
1083296
1083297
1083298
1083367
1083378
1083380
1083381
1083387
1083392
1083409
1083412
1083415
1083449
1083529
1083530
1083533
1083534
1083536
1083538
1083540
1083541
1083542
1083611
1083622
1083624
1083625
1083631
1083636
1083653
1083656
1083659
1083688
1083763
1083764
1083767
1083768
1083770
1083772
1083774
1083775
1083776
1083849
1083862
1083864
1083865
1083867
1083871
1083876
1083885
1083890
1083892
1083893
1083895
1083896
1083908
1083919
1083920
1083921
1083967
1083971
1083972
1083974
1083975
1083976
1083977
1083978
1083980
1083982
1083983
1083984
1083985
1084083
1084084
1084085
1084095
1084096
1084097
1084110
1084111
1084112
1088227
1088228
1088231
1088263
1088268
1088271
1088357
1088361
1088362
1088366
1088394
1088400
1088404
1088420
1088489
1088493
1088494
1088498
1088523
1088529
1088533
1088612
1088616
1088617
1088621
1088646
1088652
1088656
1088735
1088739
1088740
1088744
1088769
1088775
1088779
1088858
1088862
1088863
1088865
1088867
1088894
1088900
1088904
1088920
1088924
1088975
1089013
1187723
1187729
1187732
1187742
1187747
1187751
1187765
1187770
1187775
1187779
1187801
1187806
1187809
1187820
1187825
1187829
1187843
1187848
1187851
1187862
1187867
1187871
1187893
1187898
1187901
1187912
1187917
1187921
1187935
1187940
1187943
1187954
1187959
1187963
1187985
1187990
1187992
1188001
1188006
1188010
1188024
1188029
1188032
1188043
1188047
1188051
1188058
1188063
1188065
1188073
1188075
1188302
1188308
1188311
1188399
1188405
1188409
1188621
1188632
1188634
1188636
1188637
1188847
1188849
1188853
1188854
1188862
1188864
1188877
1188879
1188881
1188882
1188979
1188980
1188988
1188990
1189003
1189005
1189007
1189008
1189094
1189095
1189103
1189105
1189117
1189118
1189120
1189121
1189126
1189128
1191642
1191648
1191649
1191653
1191659
1191661
1191666
1192082
1192560
1192564
1192606
1192611
1192616
1192703
1192724
1192745
1192766
1193006
1193011
1193014
1193050
1193054
1193057
1193071
1193076
1193080
1193115
1193120
1193123
1193134
1193138
1193142
1193162
1193167
1193171
1193206
1193211
1193214
1193225
1193229
1193233
1193253
1193258
1193262
1193297
1193302
1193305
1193316
1193320
1193324
1193469
1193477
1193481
1193485
1193490
1193505
1193509
1193511
1193514
1193527
1193533
1193535
1193537
1193666
1193670
1193672
1193675
1193688
1193694
1193696
1193698
1193818
1193822
1193824
1193827
1193840
1193846
1193848
1193850
1193852
1193858
1193864
1193897
1193900
1193902
1194044
1194046
1194049
1194085
1194088
1194090
1194235
1194237
1194240
1194256
1194258
1194263
1194369
1194372
1194375
1194395
1194397
1194403
1194417
1194423
1194425
1194428
1194429
1194431
1194432
1194437
1194455
1194459
1194463
1194465
1194479
1194482
1194486
1194488
1194503
1194507
1194509
1194512
1194525
1194530
1194533
1194534
1194551
1194555
1194559
1194561
1194568
1194574
1194576
1194579
1194580
1194582
1194583
1194588
1194701
1194710
1194721
1194722
1194766
1194768
1194779
1194780
1195070
1195072
1195080
1195082
1195121
1195126
1195129
1195132
1195149
1195154
1195158
1195159
1195176
1195180
1195184
1195186
1195202
1195208
1195211
1195213
1195859
1195864
1195867
1195870
1195886
1195893
1195895
1195898
1195912
1195917
1195919
1195922
1197452
1197457
1197461
1197462
1197478
1197482
1197485
1197486
1197503
1197508
1197512
1197513
1198366
1198371
1198375
1198376
1198392
1198397
1198400
1198403
1198419
1198426
1198428
1198431
1198445
1198450
1198452
1198455
1198471
1198475
1198479
1198481
1199238
1199243
1199247
1199249
1199254
1199259
1199262
1199278
1199281
1199284
1199289
1199294
1199297
1199299
1199300
1199309
1199311
1199313
1199317
1199318
1199320
1199322
1199340
1199345
1199348
1199351
1199368
1199372
1199375
1199379
1199392
1199398
1199400
1199402
1199417
1199423
1199426
1199428
1199551
1199556
1199561
1199562
1199632
1199634
1199639
1199640
1200027
1200031
1200033
1200036
1200049
1200055
1200057
1200059
1200062
1200069
1200075
1200108
1200111
1200113
1200274
1200277
1200279
1200420
1200426
1200428
1200546
1200550
1200552
1200555
1200568
1200574
1200576
1200578
1200698
1200702
1200704
1200707
1200720
1200726
1200728
1200730
1200840
1200850
1200856
1200857
1200859
1204593
1204598
1204614
1204621
1204636
1204641
1212148
1212153
1212170
1212178
1217261
1217273
1217281
1221640
1221651
1221659
1221664
1221668
1230828
1230834
1230839
1230871
1230877
1230882
1231310
1231317
1231323
1231334
1231337
1231339
1231356
1231358
1231361
1231379
1231381
1231383
1232255
1232264
1232266
1232270
1232308
1232315
1232321
1232325
1238576
1238579
1238599
1238607
1238609
1238640
1238645
1238655
1238678
1238686
1238688
1246433
1246453
1246461
1246486
1246496
1246498
1246521
1246525
1246535
1246540
1253660
1253690
1253702
1253704
1253719
1253725
1253765
1253775
1253777
1253784
1253790
1253795
1262595
1262599
1262601
1262613
1262616
1262619
1262633
1262637
1262639
1262654
1262657
1262660
1309208
1309258
1314056
1314167
1314169
1314173
1314174
1314180
1314185
1314257
1314260
1314265
1314272
1314275
1314279
1314412
1314415
1314418
1314423
1314425
1314427
1314565
1314568
1314571
1314576
1314578
1314580
1314691
1314693
1314697
1314699
1314704
1314708
1314798
1319931
1319936
1319940
1319960
1319964
1319972
1319995
1320002
1320004
1320014
1320021
1320023
1320094
1320099
1320103
1322882
1322885
1322887
1325798
1325801
1325804
1327471
1327475
1327478
1330991
1330995
1330998
1342221
1342236
1342262
1342271
1342275
1342305
1342314
1342318
1342348
1342357
1342361
1342391
1342400
1342404
1342431
1342440
1342444
1342474
1383902
1383909
1383912
1383922
1383926
1383930
1383954
1383958
1383961
1383970
1383976
1383979
1384137
1384138
1384144
1384145
1384147
1384148
1384180
1384182
1384186
1384187
1384192
1384196
1384200
1384201
1384208
1384210
1384212
1384215
1384573
1384574
1384596
1384601
1384603
1384668
1384670
1384674
1384676
1384680
1384683
1384704
1384709
1384712
1384714
1384756
1385053
1385055
1385056
1385062
1385067
1385071
1385082
1385084
1385086
1385088
1385089
1385339
1385342
1385343
1385349
1385354
1385374
1385381
1385382
1385383
1385396
1385398
1385400
1385402
1385408
1385538
1385543
1385547
1385556
1385558
1385565
1385865
1385871
1385873
1385881
1385887
1385889
1385922
1385928
1385930
1385937
1385942
1385943
1386112
1386117
1386121
1386519
1386522
1386524
1386558
1386564
1386566
1386899
1386902
1386910
1386917
1386921
1386925
1387045
1387051
1387055
1387058
1387061
1387063
1387070
1387074
1387167
1387170
1387178
1387374
1387379
1387383
1387423
1387426
1387427
1387611
1387615
1387617
1387622
1387626
1387787
1387794
1387795
1387799
1387800
1387802
1387807
1387819
1387836
1387840
1387843
1387845
1388054
1388055
1388060
1388064
1388066
1388067
1388078
1388083
1388087
1388092
1388094
1388095
1388180
1388181
1388184
1388187
1388189
1388198
1388199
1388201
1388204
1388208
1388211
1388214
1388573
1388628
1388632
1388636
1388641
1388642
1388645
1388648
1388651
1388658
1388723
1388895
1388901
1388904
1388915
1388920
1388923
1388950
1388956
1388958
1388967
1388972
1388975
1389173
1389180
1389183
1389191
1389196
1389198
1389201
1389204
1389255
1389261
1389264
1389267
1389273
1389277
1389284
1389286
1389296
1389301
1389302
1389310
1389317
1389319
1389327
1389332
1389333
1389341
1389348
1389350
1389358
1389363
1389364
1389372
1389379
1389381
1389389
1389394
1389395
1389419
1389426
1389428
1389443
1389446
1389447
1389449
1389458
1389462
1389463
1389465
1389476
1389479
1389480
1389482
1389507
1389511
1389512
1389514
1389525
1389528
1389529
1389531
1389540
1389544
1389545
1389547
1389558
1389561
1389562
1389564
1389589
1389593
1389594
1389596
1389621
1389626
1389634
1389637
1389652
1389655
1389656
1389658
1389667
1389671
1389672
1389674
1389685
1389688
1389689
1389691
1389716
1389720
1389721
1389723
1389727
1389737
1389746
1389749
1389751
1389813
1389814
1389815
1389819
1389820
1389821
1389863
1389864
1389865
1389869
1389870
1389871
1389922
1389924
1389926
1389927
1389930
1389932
1389967
1389969
1389971
1389976
1389978
1389980
1389985
1389987
1389989
1389990
1389993
1389995
1390117
1390118
1390120
1390123
1390129
1390130
1390138
1390141
1390142
1390143
1390154
1390157
1390159
1390160
1390168
1390171
1390172
1390173
1390226
1390229
1390230
1390232
1390255
1390258
1390259
1390261
1390270
1390274
1390275
1390277
1390288
1390291
1390292
1390294
1390321
1390324
1390325
1390326
1390335
1390339
1390341
1390342
1390367
1390370
1390371
1390372
1390404
1390408
1390409
1390411
1390446
1390448
1390451
1390452
1390455
1390456
1390457
1390458
1390463
1390470
1390741
1390744
1390746
1390747
1390755
1390758
1390759
1390760
1390772
1390776
1390777
1390780
1390791
1390794
1390795
1390797
1390805
1390808
1390809
1390810
1390818
1390821
1390822
1390823
1390856
1390861
1390863
1390865
1390873
1390876
1390877
1390878
1390898
1390901
1390902
1390903
1390912
1390916
1390918
1390919
1390928
1390932
1390933
1390935
1390966
1390969
1390970
1390971
1391005
1391008
1391009
1391011
1391023
1391027
1391028
1391031
1391039
1391042
1391043
1391044
1391055
1391058
1391060
1391061
1391069
1391072
1391073
1391074
1391100
1391105
1391110
1391231
1391237
1391242
1391250
1391255
1391260
1391284
1391287
1391289
1391290
1391301
1391304
1391305
1391307
1391327
1391330
1391331
1391332
1391340
1391343
1391344
1391345
1391373
1391376
1391377
1391378
1391387
1391391
1391393
1391394
1391403
1391407
1391408
1391410
1391418
1391421
1391422
1391423
1391645
1391648
1391649
1391652
1391666
1391667
1391693
1391707
1391708
1392162
1392172
1392175
1392180
1392186
1392187
1392208
1392214
1392215
1392597
1392601
1392602
1392604
1392635
1392638
1392639
1392640
1392651
1392654
1392656
1392657
1392698
1392701
1392702
1392703
1392741
1392745
1392746
1392748
1392756
1392759
1392760
1392761
1392793
1392797
1392799
1392800
1392808
1392811
1392812
1392813
1393229
1393232
1393233
1393249
1393259
1393261
1393282
1393285
1393286
1393371
1393374
1393375
1393377
1393386
1393390
1393391
1393393
1393404
1393407
1393409
1393410
1393421
1393424
1393425
1393427
1393459
1393463
1393465
1393466
1393475
1393479
1393480
1393482
1393490
1393493
1393494
1393495
1393503
1393506
1393507
1393508
1393531
1393534
1393535
1393536
1393576
1393579
1393580
1393581
1393590
1393594
1393596
1393597
1393606
1393610
1393611
1393613
1393644
1393647
1393648
1393649
1393674
1393678
1393679
1393682
1393691
1393695
1393697
1393698
1393735
1393740
1393747
1393751
1393758
1393761
1393768
1393775
1393777
1393782
1393789
1393792
1393799
1393806
1393808
1393813
1393816
1393823
1393958
1393961
1393966
1393986
1393993
1393994
1394033
1394034
1394039
1394043
1394048
1394049
1394058
1394061
1394062
1394063
1394100
1394104
1394105
1394108
1394120
1394124
1394125
1394128
1394145
1394148
1394149
1394150
1394161
1394164
1394165
1394167
1394176
1394180
1394181
1394183
1394194
1394197
1394198
1394200
1394225
1394229
1394230
1394232
1394241
1394245
1394246
1394248
1394279
1394282
1394283
1394284
1394293
1394297
1394299
1394300
1394324
1394329
1394330
1394333
1394334
1394335
1394338
1394339
1394340
1394342
1394345
1394357
1394379
1394387
1394392
1394393
1394394
1394395
1394531
1394547
1394553
1394556
1394561
1394581
1394584
1394585
1394587
1394596
1394600
1394601
1394603
1394614
1394617
1394618
1394620
1394645
1394649
1394650
1394652
1394704
1394706
1394709
1394728
1394733
1394736
1394739
1394742
1394746
1394756
1394758
1394760
1394766
1394768
1394772
1394774
1394778
1394780
1394782
1394785
1394788
1394799
1394803
1394806
1394809
1394811
1394814
1394816
1394820
1394822
1394824
1394827
1394830
1394871
1394875
1394878
1394881
1394883
1394886
1394888
1394891
1394893
1394894
1394897
1394899
1394913
1394916
1394921
1394939
1394942
1394943
1394945
1394954
1394958
1394959
1394961
1394972
1394975
1394976
1394978
1395003
1395007
1395008
1395010
1395021
1395024
1395025
1395027
1395036
1395040
1395041
1395043
1395054
1395057
1395058
1395060
1395085
1395089
1395090
1395092
1395093
1395103
1395108
1395113
1395120
1395125
1395126
1395127
1395183
1395191
1395196
1395197
1395199
1395236
1395242
1395245
1395248
1395254
1395257
1395260
1395266
1395269
1395272
1395278
1395281
1395446
1395454
1395477
1395486
1395490
1395497
1395499
1395509
1395514
1395515
1395523
1395530
1395532
1395540
1395545
1395546
1395554
1395561
1395563
1395571
1395576
1395577
1395585
1395592
1395594
1395602
1395607
1395608
1395632
1395639
1395641
1395715
1395717
1395721
1395725
1395727
1395731
1395735
1395737
1395738
1395742
1395744
1395745
1395785
1395786
1395788
1395793
1395794
1395796
1395801
1395802
1395803
1395805
1395808
1395810
1395848
1396012
1396018
1396021
1396076
1396080
1396086
1396090
1396097
1396100
1396105
1396111
1396115
1396161
1396170
1396172
1396177
1396182
1396187
1396436
1396442
1396445
1398082
1398086
1398089
1399564
1399567
1399571
1399576
1399579
1399585
1399588
1399594
1399613
1399617
1399621
1399629
1399632
1399634
1399637
1399639
1399888
1399892
1399894
1399896
1399899
1399903
1399905
1399909
1399911
1399913
1399916
1399919
1399934
1399938
1399941
1399944
1399946
1399949
1399951
1399955
1399957
1399959
1399961
1399965
1399966
1399970
1399972
1399983
1399988
1399990
1400003
1400058
1400071
1400131
1400140
1400144
1400150
1400157
1400160
1400165
1400173
1400177
1400181
1400188
1400191
1400196
1400204
1400208
1400212
1400219
1400222
1400227
1400235
1400239
1400243
1400250
1400253
1400258
1400266
1400270
1404695
1404696
1404701
1404703
1404704
1404705
1404710
1404712
1404714
1404716
1404721
1404723
1404725
1404730
1404740
1404744
1404746
1404758
1404762
1404764
1404804
1404806
1404808
1404811
1404875
1404879
1404880
1405000
1405002
1405005
1405006
1405059
1405061
1405064
1405065
1405270
1405274
1405275
1405408
1405412
1405413
1405538
1405543
1405546
1405676
1405681
1405684
1405866
1405868
1405871
1405872
1405926
1405929
1405931
1405932
1406019
1406023
1406025
1406028
1406032
1406034
1406035
1406212
1406217
1406220
1406223
1406227
1406228
1406232
1406234
1406238
1406241
1406245
1406246
1406713
1406717
1406720
1406722
1406726
1406729
1406730
1406733
1406917
1406920
1406923
1406926
1406928
1406932
1406933
1406938
1406941
1407481
1407484
1407487
1407490
1407520
1407530
1407835
1407841
1407847
1408050
1408060
1408062
1408070
1408072
1408080
1408082
1408093
1408103
1408186
1408825
1408826
1408855
1408856
1408875
1408876
1408903
1408904
1408928
1408931
1408947
1408950
1408957
1408960
1408967
1408970
1409423
1409433
1409443
1409548
1409983
1409986
1409989
1414207
1414210
1414212
1414214
1414216
1414219
1414221
1414223
1414225
1414227
1414229
1414231
1414233
1414474
1414478
1414481
1414482
1414492
1414493
1414497
1414498
1414500
1414737
1414767
1414834
1414837
1414859
1414869
1414883
1414888
1414933
1415005
1416686
1416688
1416703
1416705
1416716
1416718
1416838
1416840
1416844
1416846
1416850
1416852
1416882
1416884
1417255
1417256
1417258
1417423
1417426
1417429
1417431
1417438
1417440
1417443
1417445
1417475
1417476
1417478
1417480
1417821
1417823
1417826
1417827
1417864
1417865
)
;
flipMap         List<bool> 
4890
(
1
1
1
1
1
1
0
0
0
0
1
1
1
0
0
0
0
1
1
1
0
0
0
0
1
1
1
0
0
0
0
1
1
1
0
0
0
0
1
1
1
1
1
1
1
1
1
1
1
1
1
1
1
1
1
1
1
1
1
0
0
1
1
0
0
1
1
0
0
1
1
0
0
1
1
0
0
1
1
1
1
1
1
1
1
1
1
1
1
1
1
1
1
1
1
1
1
1
1
0
0
0
0
0
1
1
1
1
1
1
1
1
1
1
1
1
1
1
1
1
1
1
1
1
1
1
1
1
1
1
1
0
0
1
1
1
1
1
1
1
1
1
1
1
1
1
1
1
1
1
1
1
1
1
1
1
1
1
1
1
1
1
1
1
1
1
1
1
1
1
1
1
1
1
1
1
1
1
1
1
1
1
1
1
1
1
1
1
1
1
1
1
1
1
1
1
1
1
1
1
1
1
1
1
1
1
1
1
1
1
1
1
1
1
1
1
0
1
0
1
0
1
0
1
0
1
1
1
1
1
1
1
1
1
1
1
1
1
1
1
1
1
1
1
1
1
1
1
1
1
1
1
1
1
1
1
1
1
1
1
1
1
1
1
1
1
1
1
1
1
1
0
0
1
0
0
1
0
0
1
0
0
1
0
0
1
1
1
1
1
1
1
1
1
1
1
1
1
1
1
1
1
1
1
1
1
1
1
1
1
1
1
1
0
1
0
1
0
1
0
1
0
1
1
1
1
1
1
1
1
1
1
1
1
1
1
1
1
1
1
1
1
1
1
1
1
0
1
1
0
1
1
0
1
1
0
1
1
0
1
1
1
1
1
1
1
1
1
1
1
1
1
1
1
1
1
1
1
1
1
1
1
1
1
1
1
1
1
1
1
1
1
1
1
1
0
0
0
1
1
1
1
0
0
0
1
1
1
1
0
0
0
1
0
0
0
1
0
0
0
1
1
1
1
1
1
1
1
1
1
1
1
1
1
1
1
1
1
1
1
1
1
1
1
1
1
1
1
1
1
1
1
1
1
1
1
1
1
1
1
1
1
1
1
1
1
1
1
1
1
1
1
1
1
1
1
1
1
1
1
1
1
1
1
1
1
1
1
1
1
1
1
1
1
1
1
1
1
1
1
1
1
1
1
1
1
0
0
1
1
0
0
1
0
0
1
0
0
1
0
0
1
1
1
1
1
1
1
1
1
1
1
1
1
1
1
1
1
1
1
1
1
1
1
1
1
1
1
1
0
0
1
1
0
0
1
1
1
1
1
0
0
1
1
1
1
1
0
0
1
1
0
0
1
1
1
1
1
1
1
1
1
1
1
1
1
1
1
1
1
1
1
1
1
1
0
0
0
1
1
0
0
0
1
1
0
0
0
1
1
0
0
0
1
1
0
0
0
1
1
1
1
1
1
1
1
1
1
1
1
1
1
1
1
1
1
1
0
0
0
1
1
1
1
1
0
0
1
1
1
1
1
0
0
1
1
1
1
1
0
0
1
1
1
1
1
0
0
1
1
1
1
1
1
1
0
0
0
0
0
0
0
0
0
0
0
0
0
0
0
0
0
0
0
0
0
0
0
0
0
0
0
0
0
0
0
0
0
0
0
0
0
0
0
0
1
1
0
0
0
0
0
0
0
0
1
1
0
0
0
0
0
0
0
0
0
0
0
0
0
0
0
0
0
0
0
0
0
0
0
1
0
0
0
0
0
0
0
0
0
0
0
0
0
0
0
0
0
0
0
0
0
0
0
0
1
0
0
0
0
0
0
1
1
0
0
0
0
0
0
1
0
0
0
0
0
0
0
0
0
0
0
0
0
0
0
0
0
0
0
0
0
0
0
0
0
0
0
0
0
0
0
0
0
0
0
0
0
0
0
1
1
0
0
0
0
0
0
0
0
0
0
0
0
0
0
0
0
0
0
0
0
0
0
0
0
0
0
0
0
0
0
0
0
0
0
0
0
0
0
0
0
0
0
0
0
0
0
0
0
0
0
0
0
0
1
1
0
1
1
0
0
0
0
1
1
0
0
0
0
0
0
0
0
0
0
0
0
0
0
0
0
0
0
0
0
0
0
0
0
0
0
0
0
0
0
0
0
0
0
0
1
0
1
0
0
0
0
0
0
0
0
0
0
0
0
0
0
0
0
0
0
0
0
0
0
0
0
0
0
0
0
1
0
0
0
1
1
1
1
1
1
1
1
0
0
0
0
0
0
0
0
0
0
0
0
0
1
0
0
0
0
0
0
0
0
0
0
0
0
0
0
0
0
0
0
0
0
0
0
0
0
0
0
0
0
0
0
0
0
1
1
0
0
0
0
0
1
1
1
0
1
1
1
0
1
1
1
0
1
1
1
0
1
1
1
0
1
1
1
0
1
1
1
0
1
1
1
0
1
1
1
0
0
1
1
1
1
0
0
0
1
0
0
0
1
1
1
0
0
0
1
1
1
1
1
0
1
0
0
0
1
1
1
1
1
0
0
1
0
0
0
0
0
0
0
0
0
0
0
0
0
0
0
0
0
0
0
0
0
0
1
1
1
1
1
1
1
1
0
0
0
0
0
0
0
0
0
0
1
1
1
1
0
0
0
1
1
1
1
1
1
1
1
1
1
1
1
1
1
1
1
1
1
1
1
1
1
1
0
0
0
1
0
0
0
0
0
0
1
1
0
0
0
0
0
0
0
0
0
0
0
0
1
1
1
1
1
1
1
1
1
1
1
1
1
1
0
0
0
0
0
0
0
0
0
0
0
0
0
0
0
0
0
0
0
0
0
0
0
0
1
1
1
1
1
1
0
0
0
0
0
0
1
1
1
1
1
1
1
1
1
1
1
1
1
1
1
1
1
1
1
1
1
0
0
0
0
0
0
0
0
0
0
0
0
1
0
0
0
1
1
1
1
1
1
1
1
1
1
1
1
1
1
1
1
1
1
1
1
1
1
1
1
1
1
1
1
1
0
0
0
1
1
1
1
1
1
1
0
0
0
1
1
1
0
0
0
1
1
1
1
1
1
0
0
0
1
1
0
1
1
0
0
0
0
0
0
0
0
1
1
1
1
1
1
1
1
1
1
1
0
0
1
1
1
1
0
0
0
1
1
1
1
1
1
1
1
1
1
0
0
0
0
0
0
0
0
0
0
0
0
1
1
0
1
0
0
0
1
1
0
0
0
1
0
0
0
0
0
1
0
0
0
0
0
0
0
0
0
0
0
0
1
0
0
0
0
0
0
0
0
0
0
0
1
1
1
1
1
1
0
0
0
1
0
0
0
0
0
0
0
0
0
0
0
1
1
0
1
1
1
1
1
0
1
1
1
1
1
1
0
1
1
1
1
1
1
0
1
1
1
1
1
0
1
1
0
1
0
0
1
0
1
0
0
0
1
0
0
1
0
1
1
0
1
0
0
1
0
0
1
1
1
1
1
1
0
0
0
0
1
1
1
1
1
1
1
0
0
0
0
1
1
0
1
1
1
1
0
1
1
1
1
1
1
0
1
1
1
0
1
1
1
1
1
1
1
1
0
1
0
0
1
0
1
0
0
1
1
1
1
1
0
0
1
1
1
1
1
1
1
1
1
1
0
1
1
1
0
1
1
1
1
1
1
1
1
0
1
1
1
0
1
1
1
1
1
1
1
1
0
1
1
1
0
1
1
1
1
1
1
1
1
0
1
1
1
0
1
1
1
1
1
1
1
1
0
1
1
1
0
0
1
1
1
1
1
1
1
1
1
1
1
1
1
1
1
1
1
1
1
1
1
1
1
1
0
1
1
1
1
1
1
0
1
1
1
1
1
1
1
1
1
0
1
1
1
0
0
1
1
1
1
1
1
1
1
1
0
1
1
1
0
0
1
1
1
1
1
1
1
1
1
0
1
1
1
0
0
1
1
1
1
1
1
1
1
1
0
1
1
1
0
0
1
1
1
1
1
1
1
1
1
0
0
0
0
0
0
0
0
0
0
0
0
1
1
1
0
0
0
0
1
1
1
1
1
1
1
1
1
1
1
1
1
1
1
1
1
1
1
1
1
1
1
1
1
1
1
1
1
1
1
1
1
1
0
1
1
1
0
1
1
1
1
1
1
1
1
1
1
1
0
1
0
0
1
1
1
1
1
1
1
1
1
1
1
1
1
1
1
1
1
0
1
0
0
1
1
1
1
1
1
1
1
1
1
1
1
1
1
1
1
1
1
0
1
0
0
1
1
1
1
1
1
1
1
1
1
1
1
1
1
1
1
1
1
0
1
0
0
1
1
1
1
1
1
1
1
1
1
1
1
1
0
0
0
0
0
0
0
0
0
0
0
0
0
0
0
0
0
0
1
0
1
0
0
0
0
1
1
1
1
1
1
1
1
1
1
1
1
1
1
1
1
1
1
1
1
1
1
1
1
1
1
1
1
1
1
1
1
1
1
1
1
0
0
0
0
0
0
0
0
0
0
0
0
0
0
0
0
0
0
0
0
0
0
1
1
1
1
1
1
1
1
1
1
1
1
1
1
1
1
1
1
1
1
1
1
1
1
1
1
1
1
1
1
1
1
1
0
0
0
0
0
0
0
0
0
0
1
0
1
1
1
1
1
1
1
1
1
1
1
1
1
1
1
1
1
1
1
1
1
1
1
1
1
1
1
1
1
1
1
1
1
1
1
1
1
1
1
1
1
1
1
1
1
1
1
1
1
1
1
1
0
0
0
0
1
1
0
0
0
0
0
0
1
1
1
0
0
0
0
1
1
0
0
0
0
0
0
1
1
1
1
1
1
1
1
1
1
1
1
1
1
1
1
1
1
1
1
1
1
1
1
1
1
1
1
1
1
1
1
1
1
1
1
1
1
1
1
1
1
1
1
1
1
1
1
1
1
1
1
1
1
1
1
1
1
1
1
1
1
1
1
1
1
1
1
1
1
1
1
1
1
1
0
1
1
0
1
1
1
1
1
1
0
0
0
1
1
1
1
1
1
0
0
0
1
1
1
1
1
1
0
0
0
1
1
1
1
1
1
0
0
0
1
1
1
1
1
1
0
0
0
0
0
0
0
0
0
0
0
1
1
1
1
1
1
1
1
1
1
1
1
1
1
1
1
1
1
1
1
1
1
1
1
1
1
1
1
1
1
1
1
1
1
1
1
1
1
1
1
1
1
1
1
1
1
1
1
1
1
1
1
1
1
1
1
1
1
1
1
1
1
1
1
1
1
1
1
1
1
1
1
1
1
1
1
1
0
1
0
1
1
1
0
0
0
1
1
1
0
0
0
1
1
1
0
0
0
1
1
1
0
0
0
1
0
1
1
0
0
0
0
0
0
0
0
0
0
0
0
0
0
0
0
0
0
0
0
0
0
0
0
0
0
1
1
1
1
0
1
1
1
1
1
1
1
1
1
1
1
1
1
1
1
1
1
1
1
1
1
1
1
1
1
1
1
1
1
1
1
1
1
1
1
1
0
1
0
0
1
1
0
1
0
0
0
0
0
1
1
0
1
0
0
0
0
0
1
1
0
1
0
0
0
0
0
1
1
0
1
0
0
0
0
0
1
0
1
0
1
0
0
0
0
0
0
0
0
0
0
0
0
0
0
0
0
0
0
0
0
0
0
0
0
0
0
0
0
0
1
1
1
1
1
1
1
1
1
1
1
1
1
1
1
1
1
1
1
1
1
1
1
1
0
1
1
0
1
1
1
0
0
0
1
1
1
0
0
0
1
1
1
0
0
0
1
1
1
0
0
0
1
1
1
0
0
0
0
0
0
0
0
0
0
0
0
0
1
1
1
1
1
1
1
1
1
1
1
1
1
1
1
1
1
1
1
1
1
1
1
1
1
1
1
1
1
1
1
1
1
1
1
1
1
1
1
1
1
1
1
1
1
0
0
1
1
0
0
1
1
1
1
1
1
1
1
1
1
1
1
1
1
1
1
1
1
1
1
1
1
1
1
1
1
1
1
1
1
1
1
1
1
1
1
1
1
1
1
1
1
1
1
1
1
1
1
1
1
1
1
1
1
1
1
1
1
1
1
1
1
1
1
1
1
1
1
1
1
1
1
1
1
1
1
1
1
1
1
1
0
0
0
0
0
0
0
0
0
1
1
1
1
1
1
1
1
1
1
1
1
1
1
1
1
1
1
1
1
1
1
1
1
1
1
1
1
1
1
1
1
1
1
1
1
1
1
1
1
1
1
1
1
1
1
1
1
1
1
1
1
1
1
1
1
1
0
0
0
0
0
1
0
0
1
0
1
1
0
0
0
1
0
1
1
0
0
0
1
0
1
1
0
0
0
0
0
0
0
1
0
0
0
0
0
0
0
0
0
0
0
0
0
0
0
0
0
0
0
0
0
1
1
1
1
1
1
1
1
1
1
1
1
1
1
0
1
1
0
1
1
1
1
1
1
1
1
1
1
1
1
1
1
1
1
1
1
1
0
0
1
0
0
1
1
1
1
1
1
1
0
1
0
1
0
0
0
0
0
0
0
1
1
1
1
1
1
1
1
1
1
0
1
0
1
0
0
0
0
0
0
0
1
1
1
1
1
1
1
1
1
1
0
1
0
1
0
0
0
0
0
0
0
1
1
1
1
1
1
1
1
1
1
0
1
0
1
0
0
0
0
0
0
0
1
1
1
1
0
0
1
0
1
0
0
0
0
0
0
0
0
0
0
0
0
0
0
0
0
0
0
0
0
0
0
0
0
0
1
1
1
1
1
1
1
1
1
1
1
0
0
1
1
1
1
0
0
1
1
1
0
1
1
1
0
1
1
1
0
0
0
1
0
0
0
1
0
0
0
1
1
0
0
0
0
0
0
0
0
0
0
0
0
0
1
0
0
0
1
1
0
0
0
0
0
0
0
0
0
0
0
0
0
1
0
0
0
1
1
0
0
0
0
0
0
0
0
0
0
0
0
0
1
0
0
0
1
1
0
0
0
0
0
0
0
0
0
0
0
0
0
1
0
0
0
0
1
1
0
0
0
0
0
0
0
0
0
0
0
0
0
0
0
0
0
0
0
0
0
0
0
1
1
1
1
1
1
1
1
1
1
1
0
0
1
1
0
1
1
0
1
0
0
0
0
1
1
0
1
0
0
0
1
1
0
1
0
0
0
1
1
0
1
0
0
0
1
1
0
0
1
0
0
1
0
1
1
1
0
0
1
0
0
0
1
0
0
1
0
0
1
0
0
1
0
0
1
0
0
1
0
0
1
0
0
1
0
0
1
0
0
1
0
0
1
0
0
1
0
0
1
0
0
1
0
0
1
0
0
1
0
0
1
0
0
1
1
1
1
1
1
1
1
1
1
1
1
1
1
1
1
1
1
1
1
1
1
1
1
1
1
1
1
1
1
1
0
0
1
1
1
0
1
0
0
1
0
0
0
1
1
1
1
1
1
0
0
1
0
0
1
0
0
1
0
0
1
0
0
1
0
0
1
0
0
1
0
0
1
0
0
1
0
0
1
0
0
0
1
0
0
0
0
0
0
0
0
0
0
0
0
0
0
0
0
0
0
0
0
0
0
0
0
0
0
0
1
0
1
1
0
1
1
0
1
1
0
1
1
0
1
1
0
1
1
0
1
1
0
1
0
1
1
1
0
0
0
0
0
0
0
0
0
0
0
0
0
0
0
0
0
0
0
0
0
0
0
0
0
1
1
1
0
0
0
0
1
1
1
1
1
1
1
1
1
1
1
1
0
0
0
0
0
0
0
0
0
0
0
0
0
0
0
0
0
0
0
0
0
0
0
0
0
0
0
0
0
0
0
0
0
0
0
0
0
0
0
0
0
0
0
0
0
0
0
0
0
0
0
0
0
0
0
0
0
0
0
0
1
0
1
1
0
1
0
1
1
1
0
0
1
0
0
1
1
1
0
0
0
0
0
0
0
0
0
0
0
0
0
0
0
0
0
0
0
0
1
1
1
1
1
1
1
1
0
0
0
0
0
0
0
0
0
1
1
0
1
1
0
1
1
0
1
1
0
0
0
0
0
0
0
0
0
0
0
0
0
0
0
0
0
1
0
0
0
1
1
1
1
1
1
1
1
1
1
1
1
1
1
1
1
1
1
0
0
0
0
0
0
1
0
1
1
0
1
1
0
1
1
0
1
0
0
0
0
0
0
0
0
0
0
0
0
0
0
0
0
0
0
0
0
0
0
0
0
0
0
0
0
0
0
0
0
0
0
0
0
0
0
0
0
0
0
1
1
0
1
1
0
1
1
0
1
1
1
1
1
0
0
1
1
1
1
1
1
1
1
0
1
1
1
0
1
1
1
1
1
0
1
1
1
0
0
1
1
1
1
1
0
1
1
1
1
0
1
0
1
1
0
1
0
1
1
1
1
1
1
1
1
1
1
1
1
1
1
1
1
0
1
0
0
1
0
0
1
0
0
1
0
0
1
0
1
1
0
0
1
0
0
1
0
0
1
0
0
0
0
1
1
1
1
0
0
1
1
1
1
0
0
1
1
1
1
1
1
0
1
0
0
0
1
1
1
1
0
1
0
0
1
1
1
0
0
1
1
1
1
1
1
1
1
1
0
0
1
0
0
0
0
1
1
0
1
1
0
1
1
0
1
1
0
0
0
0
0
0
0
0
0
0
0
0
0
1
1
0
0
0
0
0
0
0
1
1
0
1
1
0
0
0
0
1
1
1
1
0
1
1
0
0
0
0
0
0
0
1
1
1
1
1
1
1
1
1
1
0
0
1
0
0
0
0
0
0
0
0
0
1
1
1
0
0
0
0
0
1
1
1
1
0
0
1
1
1
1
1
0
0
1
0
0
1
1
1
1
1
1
0
0
1
0
0
1
0
0
1
0
0
0
1
0
0
1
0
0
0
0
1
0
0
0
0
1
0
0
1
0
0
1
0
0
1
0
0
1
0
0
1
0
0
1
0
0
1
0
0
1
0
0
0
0
0
0
0
0
0
0
0
0
0
0
0
0
0
0
0
0
0
0
0
0
0
0
0
0
0
0
0
0
0
1
1
0
0
0
0
0
0
0
0
0
0
0
0
0
0
0
0
0
0
1
1
0
0
0
1
1
0
1
1
1
1
1
0
1
1
1
1
1
1
1
0
1
1
1
0
1
1
1
1
1
1
1
0
1
1
1
1
1
1
1
0
0
0
0
0
0
0
0
0
0
0
0
0
0
0
0
0
0
0
0
0
0
0
0
0
0
0
0
0
0
0
0
0
0
0
0
0
0
0
0
0
0
0
0
0
0
0
0
0
0
0
0
1
1
0
0
0
0
0
0
0
0
0
0
0
0
0
0
0
0
0
0
0
0
0
0
0
0
0
0
0
0
0
0
0
0
0
0
0
0
0
0
0
0
0
0
0
0
0
0
0
0
0
0
0
0
0
0
0
0
0
0
0
0
0
0
0
0
0
0
0
0
1
1
0
1
0
1
1
1
0
0
0
0
0
0
0
0
0
0
0
0
0
0
0
0
0
0
0
0
0
0
0
0
0
0
0
0
0
0
0
0
0
0
0
0
0
0
0
0
0
0
0
0
0
0
0
0
0
0
0
0
0
0
0
0
0
0
0
0
0
0
0
0
0
0
0
0
0
0
0
0
0
0
0
0
0
0
0
0
0
0
0
0
0
0
0
0
0
0
0
0
0
0
0
0
0
0
0
0
0
0
0
0
0
0
0
0
0
0
0
0
0
0
0
0
0
0
0
0
0
0
0
0
0
0
0
0
0
0
0
0
0
0
0
0
0
0
0
0
0
0
0
0
0
0
0
0
0
0
0
0
1
1
0
1
0
1
1
0
1
1
0
1
1
0
1
1
1
0
0
0
0
0
0
0
1
1
1
1
1
1
0
0
0
0
0
0
0
0
0
0
0
0
0
0
0
0
0
0
0
0
0
0
0
0
0
0
0
0
0
0
0
0
0
0
0
0
0
0
0
0
0
0
0
0
0
0
0
0
0
0
0
0
0
0
1
1
0
1
0
0
0
0
1
1
0
0
1
0
0
0
0
0
0
0
0
0
0
0
0
0
0
0
0
0
1
1
1
1
0
1
1
1
1
1
1
1
0
1
1
1
0
1
1
1
1
1
0
1
1
1
1
1
0
1
1
1
1
1
0
1
1
1
1
1
1
1
0
1
0
1
1
0
0
0
0
0
0
0
0
0
0
0
0
0
0
0
0
0
0
0
0
0
0
0
0
0
0
0
0
0
0
0
0
0
1
0
0
1
0
0
0
0
1
0
0
0
0
1
0
0
1
0
0
1
0
0
1
0
1
1
1
1
0
1
0
0
1
0
0
1
0
0
1
0
0
1
0
0
1
0
0
1
0
0
1
0
0
1
0
1
1
1
1
0
1
1
1
0
1
1
1
1
1
0
1
1
1
1
1
1
1
0
1
1
1
0
1
1
1
0
1
0
1
1
1
0
1
0
1
1
1
0
0
0
0
0
0
0
1
1
1
1
1
1
1
1
1
1
1
1
1
1
1
1
1
1
1
1
0
1
1
1
0
1
1
1
1
1
0
1
1
1
1
1
0
1
1
1
0
1
1
0
1
1
1
1
1
0
1
0
0
1
0
0
1
0
0
1
0
0
1
0
0
1
0
0
1
0
0
1
0
0
1
0
0
0
1
1
0
0
1
1
0
1
1
0
1
1
0
1
1
0
1
1
0
0
1
1
0
1
0
1
1
0
0
1
1
0
0
1
0
1
1
0
1
1
0
1
1
0
1
1
1
0
0
1
1
0
1
0
1
1
1
1
0
1
0
1
0
0
1
0
0
0
1
0
1
0
1
1
0
1
1
1
1
0
0
1
0
0
0
1
0
1
0
1
1
1
1
0
0
1
1
1
1
1
1
1
1
1
1
1
1
0
1
1
1
1
1
1
1
1
1
1
1
1
1
1
1
1
1
1
1
0
1
1
1
0
0
0
0
0
0
0
0
0
0
0
0
0
1
1
1
1
1
1
1
1
1
1
1
0
0
0
0
0
0
1
1
1
1
1
1
1
1
0
0
0
0
0
0
1
1
1
1
1
1
1
1
1
1
1
1
1
1
1
1
1
1
1
1
1
1
1
)
;
}
)

// ************************************************************************* //
